00600004100470062709706000000000
00600004100470062710010000000000
00600004100470062711905000000000
00600004112800062712706000000000
00600004112800062713510000000000
00600004112800062714305000000000
00600007803160078029403000000000
00600007803160078030803000000000
00600008522790085361514000000000
00600008522790085362314000000000
00600011361510113613514000000000
00600011361510113614314000000000
00600011755050117745101000000000
00600011755050119732001000000000
00600017688240114178306000000000
00600017688240180192906000000000
00600018347700183478911000000000
00600018347700183479714000000000
00600019270780169364602000000000
00600019270780169365401000000000
00600019510840152986207000000000
00600019510840195107607000000000
00600019510840197636207000000000
00600019510840197637007000000000
00600020273720202765802000000000
00600020273720202766602000000000
00600020273720202767417000000000
00600020273720202768205000000000
00600020541080183478911000000000
00600020541080183479742000000000
00600021160810211610328000000000
00600021160810211613803000000000
00600021458550214583901000000000
00600021458550214584701000000000
00600022125790221336201000000000
00600022125790221339701000000000
00600022133460221337001000000000
00600022133460221340001000000000
00600022309760025837701000000000
00600022309760025881401000000000
00600022960550229766301000000000
00600022960550229770101000000000
00600022960630229767101000000000
00600022960630229772801000000000
00600022960710229769801000000000
00600022960710229773601000000000
00600023565380235646501000000000
00600023565380235658901000000000
00600023565460235647301000000000
00600023565460235662701000000000
00600023565540235648101000000000
00600023565540235659701000000000
00600023565620235650301000000000
00600023565620235660001000000000
00600023565700235651101000000000
00600023565700235661901000000000
00600023705810218857001000000000
00600023705810237072706000000000
00600024153990166384414000000000
00600024153990201883714000000000
00600024153990241599214000000000
00600024328970243288907000000000
00600024328970243291907000000000
00600024329000243288921000000000
00600024329000243291907000000000
00600024840800248401301000000000
00600024840800248404801000000000
00600024840990248402101000000000
00600024840990248405601000000000
00600025166240251663219000000000
00600025166240251668304000000000
00600025166240251669104000000000
00600025468090254677928000000000
00600025468090254679528000000000
00600025468170254676028000000000
00600025468170254678728000000000
00600025468250254675228000000000
00600025468250254678728000000000
00600025634790256348784000000000
00600025634790256349507000000000
00600026006840260069201000000000
00600026006840260071401000000000
00600026006840260072201000000000
00600026008110260083801000000000
00600026008110260084601000000000
00600026008110260085401000000000
00600026481800043384501000000000
00600026481800084640601000000000
00600026481800103441301000000000
00600026481800198048301000000000
00600026481800245874801000000000
00600026482290043384501000000000
00600026482290084640601000000000
00600026482290198048301000000000
00600026482290243803801000000000
00600026482290245874801000000000
00600026482450043384501000000000
00600026482450084640601000000000
00600026482450198048301000000000
00600026482450245874801000000000
00600026482530043384501000000000
00600026482530084640601000000000
00600026482530198045901000000000
00600026482530245874801000000000
00600026539070043384501000000000
00600026539070084640601000000000
00600026539070198048301000000000
00600026539070243803801000000000
00600026539070245874801000000000
00600026607840265391501000000000
00600026607840266077601000000000
00600026607920265419901000000000
00600026607920266077601000000000
00600026829230043384501000000000
00600026829230084640601000000000
00600026829230198048301000000000
00600026829230245874801000000000
00600026829580043384501000000000
00600026829580084640601000000000
00600026829580198048301000000000
00600026829580245874801000000000
00600026889560269156601000000000
00600026889560269157401000000000
00600026889560269158201000000000
00600026889560269159001000000000
00600026889560269160401000000000
00600026889560269161201000000000
00600027327500273276902000000000
00600027327500273277701000000000
00600027480880274809601000000000
00600027480880274811801000000000
00600027586870043384501000000000
00600027586870080768001000000000
00600027586870084636801000000000
00600027586870084641401000000000
00600027586870103950401000000000
00600027586870245897701000000000
00600028074160279027007000000000
00600028074160279028921000000000
00600028084200221434242000000000
00600028084200221435007000000000
00600028109130281089102000000000
00600028109130281090501000000000
00600028142930281430702000000000
00600028142930281431501000000000
00600028144120281438202000000000
00600028144120281440401000000000
00600028175430281752701000000000
00600028175430281753502000000000
00600028376920283770601000000000
00600028376920283771401000000000
00600028554530057630101000000000
00600028554530063207401000000000
00600028554530080768001000000000
00600028554530084641401000000000
00600028554530103867201000000000
00600028554530103950401000000000
00600028554530183691901000000000
00600028555690043384501000000000
00600028555690084636801000000000
00600028555690169229101000000000
00600028832790288325214000000000
00600028832790288326007000000000
00600028997600289973604000000000
00600028997600289974403000000000
00600029021410043384501000000000
00600029021410084636801000000000
00600029021410084641401000000000
00600029021410218908901000000000
00600029074530290740214000000000
00600029074530290741014000000000
00600029133210238768903000000000
00600029133210270411003000000000
00600029529390295233528000000000
00600029529390295294728000000000
00600029530130295232728000000000
00600029530130295296328000000000
00600029530480295232728000000000
00600029530480295299828000000000
00600029673080296952101000000000
00600029673080296956401000000000
00600029676340296954801000000000
00600029676340296957201000000000
00600029676420296955601000000000
00600029676420296959901000000000
00600029729640297300602000000000
00600029729640297301402000000000
00600029729640297302202000000000
00600029729640297303001000000000
00600029729640297304901000000000
00600029729640297305701000000000
00600029729640297306501000000000
00600029729640297307301000000000
00600029729640297308103000000000
00600029738390297381208000000000
00600029738390297382002000000000
00600029738470297381209000000000
00600029738470297382001000000000
00600029738550297381209000000000
00600029738550297382002000000000
00600029738630297381210000000000
00600029738630297382001000000000
00600029738710297381210000000000
00600029738710297382002000000000
00600029739280297381211000000000
00600029739280297382001000000000
00600029739440297381211000000000
00600029739440297382002000000000
00600029739520297381212000000000
00600029739520297382001000000000
00600029739600297381212000000000
00600029739600297382002000000000
00600029739790297381213000000000
00600029739790297382001000000000
00600029739870297381201000000000
00600029739870297382002000000000
00600029739950297381202000000000
00600029739950297382001000000000
00600029740020297381202000000000
00600029740020297382002000000000
00600029740100297381203000000000
00600029740100297382001000000000
00600029740290297381203000000000
00600029740290297382002000000000
00600029740370297381204000000000
00600029740370297382001000000000
00600029740450297381204000000000
00600029740450297382002000000000
00600029740530297381205000000000
00600029740530297382001000000000
00600029740610297381205000000000
00600029740610297382002000000000
00600029740880297381206000000000
00600029740880297382001000000000
00600029740960297381206000000000
00600029740960297382002000000000
00600029741180297381207000000000
00600029741180297382001000000000
00600029741260297381207000000000
00600029741260297382002000000000
00600029741340297381208000000000
00600029741340297382001000000000
00600029837370298375301000000000
00600029837370298376101000000000
00600029837450298378801000000000
00600029837450298379601000000000
00600029917800119730401000000000
00600029917800119732001000000000
00600029931980299322820000000000
00600029931980299323610000000000
00600029942670299427514000000000
00600029942670299428314000000000
00600030116900301329401000000000
00600030116900301330801000000000
00600030230440302330320000000000
00600030230440302331110000000000
00600030325070303248503000000000
00600030325070303249328000000000
00600031039430310399401000000000
00600031039430310400101000000000
00600031039430310402801000000000
00600031039430310403601000000000
00600031039430310404401000000000
00600031039430310405201000000000
00600031483780313684101000000000
00600031483780314890401000000000
00600031485130314849114000000000
00600031485130314850511000000000
00600031849270318490011000000000
00600031849270318491914000000000
