03710010100210000000000000000000
03710010100220000000000000000000
03710010100230000000000000000000
03710010100340000000000000000000
03710010100350000000000000000000
03710010100510000000000000000000
03710010100650000000000000000000
03710010100780000000000000000000
03710010100810000000000000000000
03710010100840000000000000000000
03710010100970000000000000000000
03710010101090000000000000000000
03710010101140000000000000000000
03710010101410000000000000000000
03710010101590000000000000000000
03710010101750000000000000000000
03710010101790000000000000000000
03710010101870000000000000000000
03710010101880000000000000000000
03710010102050000000000000000000
03710010102170000000000000000000
03710010102210000000000000000000
03710010102240000000000000000000
03710010102300000000000000000000
03710010102500000000000000000000
03710010110460000000000000000000
03710010110730000000000000000000
03710010110770000000000000000000
03710010111270000000000000000000
03710010111300000000000000000000
03710010111570000000000000000000
03710010210180000000000000000000
03710010210200000000000000000000
03710010210290000000000000000000
03710010210310000000000000000000
03710010210510000000000000000000
03710010210520000000000000000000
03710010210540000000000000000000
03710010210560000000000000000000
03710010210570000000000000000000
03710010210590000000000000000000
03710010210600000000000000000000
03710010210960000000000000000000
03710010211020000000000000000000
03710010211180000000000000000000
03710010211560000000000000000000
03710010310220000000000000000000
03710010310230000000000000000000
03710010310240000000000000000000
03710010310280000000000000000000
03710010311210000000000000000000
03710010311370000000000000000000
03710010311440000000000000000000
03710010311450000000000000000000
03710010311460000000000000000000
03710010311470000000000000000000
03710010313870000000000000000000
03710010315400000000000000000000
03710010410260000000000000000000
03710010410270000000000000000000
03710010410410000000000000000000
03710010410430000000000000000000
03710010410440000000000000000000
03710010410490000000000000000000
03710010410500000000000000000000
03710010410630000000000000000000
03710010410640000000000000000000
03710010410880000000000000000000
03710010410890000000000000000000
03710010410900000000000000000000
03710010410910000000000000000000
03710010411050000000000000000000
03710010411060000000000000000000
03710010411070000000000000000000
03710010411120000000000000000000
03710010411200000000000000000000
03710010411230000000000000000000
03710010413690000000000000000000
03710010510170000000000000000000
03710010510300000000000000000000
03710010511220000000000000000000
03710010511260000000000000000000
03710010511490000000000000000000
03710010512010000000000000000000
03710010512450000000000000000000
03710010512530000000000000000000
03710010512660000000000000000000
03710010610010000000000000000000
03710010610030000000000000000000
03710010610040000000000000000000
03710010610160000000000000000000
03710010710320000000000000000000
03710010711510000000000000000000
03710010711960000000000000000000
03710010712020000000000000000000
03710010712040000000000000000000
03710010712090000000000000000000
03710010712100000000000000000000
03710010712210000000000000000000
03710010712220000000000000000000
03710010712250000000000000000000
03710010712720000000000000000000
03710010800550000000000000000000
03710010802060000000000000000000
03710010802120000000000000000000
03710010810210000000000000000000
03710010810650000000000000000000
03710010810660000000000000000000
03710010810680000000000000000000
03710010810870000000000000000000
03710010811280000000000000000000
03710010811540000000000000000000
03710010811610000000000000000000
03710010811620000000000000000000
03710010811630000000000000000000
03710010811640000000000000000000
03710010811650000000000000000000
03710010811660000000000000000000
03710010811670000000000000000000
03710010811680000000000000000000
03710010811690000000000000000000
03710010811700000000000000000000
03710010811710000000000000000000
03710010811720000000000000000000
03710010811730000000000000000000
03710010811740000000000000000000
03710010811750000000000000000000
03710010811760000000000000000000
03710010811770000000000000000000
03710010811780000000000000000000
03710010811790000000000000000000
03710010811800000000000000000000
03710010811810000000000000000000
03710010811820000000000000000000
03710010811830000000000000000000
03710010811840000000000000000000
03710010811850000000000000000000
03710010811860000000000000000000
03710010811870000000000000000000
03710010811880000000000000000000
03710010811890000000000000000000
03710010811900000000000000000000
03710010811980000000000000000000
03710010811990000000000000000000
03710010812000000000000000000000
03710011012520000000000000000000
03710011012570000000000000000000
03710011012730000000000000000000
03710011013460000000000000000000
03710011013470000000000000000000
03710011013480000000000000000000
03710011013490000000000000000000
03710011013500000000000000000000
03710011013510000000000000000000
03710011013630000000000000000000
03710011013720000000000000000000
03710011013730000000000000000000
03710011013740000000000000000000
03710011110980000000000000000000
03710011111590000000000000000000
03710011111600000000000000000000
03710011112140000000000000000000
03710011112180000000000000000000
03710011112480000000000000000000
03710011113650000000000000000000
03710011210110000000000000000000
03710011210150000000000000000000
03710011212360000000000000000000
03710011212560000000000000000000
03710011212690000000000000000000
03710011212810000000000000000000
03710011212820000000000000000000
03710011212830000000000000000000
03710011212840000000000000000000
03710011212850000000000000000000
03710011212860000000000000000000
03710011212870000000000000000000
03710011212880000000000000000000
03710011212890000000000000000000
03710011212900000000000000000000
03710011212910000000000000000000
03710011212920000000000000000000
03710011213550000000000000000000
03710011213560000000000000000000
03710011213670000000000000000000
03710011300560000000000000000000
03710011300580000000000000000000
03710011300590000000000000000000
03710011300600000000000000000000
03710011302160000000000000000000
03710011310690000000000000000000
03710011312410000000000000000000
03710011312580000000000000000000
03710011313640000000000000000000
03710011413780000000000000000000
03710011413790000000000000000000
03710011413800000000000000000000
03710011413810000000000000000000
03710011413820000000000000000000
03710011413830000000000000000000
03710011413840000000000000000000
03710011500640000000000000000000
03710011510350000000000000000000
03710011510380000000000000000000
03710011510390000000000000000000
03710011510530000000000000000000
03710011511310000000000000000000
03710011511330000000000000000000
03710011512190000000000000000000
03710011512200000000000000000000
03710011513520000000000000000000
03710011513540000000000000000000
03710011610190000000000000000000
03710011611110000000000000000000
03710011612300000000000000000000
03710011700010000000000000000000
03710011700020000000000000000000
03710011700060000000000000000000
03710011700070000000000000000000
03710011700090000000000000000000
03710011700100000000000000000000
03710011700110000000000000000000
03710011700120000000000000000000
03710011700130000000000000000000
03710011700160000000000000000000
03710011700170000000000000000000
03710011700180000000000000000000
03710011700190000000000000000000
03710011700200000000000000000000
03710011700240000000000000000000
03710011700250000000000000000000
03710011700260000000000000000000
03710011700500000000000000000000
03710011700520000000000000000000
03710011700610000000000000000000
03710011700620000000000000000000
03710011700630000000000000000000
03710011700660000000000000000000
03710011700670000000000000000000
03710011700680000000000000000000
03710011700690000000000000000000
03710011700700000000000000000000
03710011700710000000000000000000
03710011700720000000000000000000
03710011700740000000000000000000
03710011700760000000000000000000
03710011700770000000000000000000
03710011700830000000000000000000
03710011701040000000000000000000
03710011701050000000000000000000
03710011701080000000000000000000
03710011701100000000000000000000
03710011701240000000000000000000
03710011701370000000000000000000
03710011701390000000000000000000
03710011701540000000000000000000
03710011701890000000000000000000
03710011701950000000000000000000
03710011702000000000000000000000
03710011702090000000000000000000
03710011702180000000000000000000
03710011702190000000000000000000
03710011702200000000000000000000
03710011702220000000000000000000
03710011702250000000000000000000
03710011702260000000000000000000
03710011702290000000000000000000
03710011702370000000000000000000
03710011702400000000000000000000
03710011702420000000000000000000
03710011702440000000000000000000
03710011702460000000000000000000
03710011702480000000000000000000
03710011702490000000000000000000
03710011702520000000000000000000
03710011710710000000000000000000
03710011713570000000000000000000
03710011713680000000000000000000
03710011715420000000000000000000
03710011715450000000000000000000
03710011800030000000000000000000
03710011800080000000000000000000
03710011800290000000000000000000
03710011800300000000000000000000
03710011800310000000000000000000
03710011800320000000000000000000
03710011800360000000000000000000
03710011800370000000000000000000
03710011800380000000000000000000
03710011800390000000000000000000
03710011800400000000000000000000
03710011800410000000000000000000
03710011800430000000000000000000
03710011800440000000000000000000
03710011800460000000000000000000
03710011800470000000000000000000
03710011800480000000000000000000
03710011800530000000000000000000
03710011800540000000000000000000
03710011800800000000000000000000
03710011800880000000000000000000
03710011800890000000000000000000
03710011800900000000000000000000
03710011800920000000000000000000
03710011800930000000000000000000
03710011800940000000000000000000
03710011800980000000000000000000
03710011800990000000000000000000
03710011801000000000000000000000
03710011801010000000000000000000
03710011801020000000000000000000
03710011801060000000000000000000
03710011801070000000000000000000
03710011801120000000000000000000
03710011801130000000000000000000
03710011801150000000000000000000
03710011801160000000000000000000
03710011801170000000000000000000
03710011801200000000000000000000
03710011801210000000000000000000
03710011801220000000000000000000
03710011801280000000000000000000
03710011801290000000000000000000
03710011801300000000000000000000
03710011801350000000000000000000
03710011801360000000000000000000
03710011801380000000000000000000
03710011801420000000000000000000
03710011801430000000000000000000
03710011801450000000000000000000
03710011801460000000000000000000
03710011801470000000000000000000
03710011801520000000000000000000
03710011801530000000000000000000
03710011801560000000000000000000
03710011801600000000000000000000
03710011801610000000000000000000
03710011801630000000000000000000
03710011801640000000000000000000
03710011801660000000000000000000
03710011801680000000000000000000
03710011801780000000000000000000
03710011801810000000000000000000
03710011801820000000000000000000
03710011801850000000000000000000
03710011801860000000000000000000
03710011801900000000000000000000
03710011801920000000000000000000
03710011801990000000000000000000
03710011802010000000000000000000
03710011802020000000000000000000
03710011802030000000000000000000
03710011802070000000000000000000
03710011802110000000000000000000
03710011802130000000000000000000
03710011802280000000000000000000
03710011802310000000000000000000
03710011802320000000000000000000
03710011802340000000000000000000
03710011802350000000000000000000
03710011802360000000000000000000
03710011802380000000000000000000
03710011802390000000000000000000
03710011802410000000000000000000
03710011802430000000000000000000
03710011802450000000000000000000
03710011802470000000000000000000
03710011802510000000000000000000
03710011802530000000000000000000
03710011813850000000000000000000
03710011813860000000000000000000
03710011815410000000000000000000
03710011815430000000000000000000
03710011815440000000000000000000
03713011815460000000000000000000
03710011900140000000000000000000
03710011900270000000000000000000
03710011900280000000000000000000
03710011900450000000000000000000
03710011900750000000000000000000
03710011900870000000000000000000
03710011901110000000000000000000
03710011901320000000000000000000
03710011901690000000000000000000
03710011901800000000000000000000
03710011901830000000000000000000
03710011901840000000000000000000
03710011901930000000000000000000
03710011901980000000000000000000
03710011902330000000000000000000
03710011910990000000000000000000
