0411001001412464530000002000001000001000000000000000000000000000
0411001001412465330000002000001000001000000000000000000000000000
0411001001412466130000002000001000001000000000000000000000000000
0411001001412468830000002000001000001000000000000000000000000000
0411001001412555230000015000014000179000000000000000000000000000
0411001001412556030000015000014000181000000000000000000000000000
0411001001412561730000009000003000001000000000000000000000000000
0411001001412584630000008000016000039000000000000000000000000000
0411001001412585430000008000016000040000000000000000000000000000
0411001001412586230000008000016000038000000000000000000000000000
0411001001412587030000008000016000042000000000000000000000000000
0411001001412588930000016000012000175000000000000000000000000000
0411001001412589730000016000012000173000000000000000000000000000
0411001001412590030000016000012000174000000000000000000000000000
0411001001412591930000016000012000036000000000000000000000000000
0411001001412598630000016000012000171000000000000000000000000000
0411001001412599430000016000012000170000000000000000000000000000
0411001001412600130000018000017000067000000000000000000000000000
0411001001412603630000008000010000036000000000000000000000000000
0411001001428671830000012000005000025000000000000000000000000000
0411001001429936430000012000005000010000000000000000000000000000
0411001001429937230000012000005000022000000000000000000000000000
0411001001430143130000012000005000028000000000000000000000000000
0411001001430148230000011000011000146000000000000000000000000000
0411001001460172930000012000005000029000000000000000000000000000
0411001001466764930000012000005000026000000000000000000000000000
0411001001468282630000013000005000010000000000000000000000000000
0411001001468283430000014000005000010000000000000000000000000000
0411001001468284230000011000005000010000000000000000000000000000
0411001001468285030000004000008000050000000000000000000000000000
0411001001468286930000004000008000051000000000000000000000000000
0411001001468287730000010000005000010000000000000000000000000000
0411001001468288530000011000011000131000000000000000000000000000
0411001001468289330000011000005000010000000000000000000000000000
0411001001468291530000011000005000022000000000000000000000000000
0411001001468292330000015000014000177000000000000000000000000000
0411001001468293130000013000005000022000000000000000000000000000
0411001001468295830000014000005000022000000000000000000000000000
0411001001468296630000004000008000048000000000000000000000000000
0411001001468297430000004000008000052000000000000000000000000000
0411001001468298230000008000010000104000000000000000000000000000
0411001001468299030000010000005000022000000000000000000000000000
0411001001468300830000011000011000131000000000000000000000000000
0411001001468301630000011000005000022000000000000000000000000000
0411001001468302430000012000005000024000000000000000000000000000
0411001001468303230000013000005000024000000000000000000000000000
0411001001468304030000011000011000156000000000000000000000000000
0411001001468305930000004000008000044000000000000000000000000000
0411001001468306730000013000005000025000000000000000000000000000
0411001001468307530000011000011000131000000000000000000000000000
0411001001468308330000011000005000025000000000000000000000000000
0411001001468314830000013000005000026000000000000000000000000000
0411001001468315630000011000011000161000000000000000000000000000
0411001001468316430000010000005000026000000000000000000000000000
0411001001468317230000011000005000026000000000000000000000000000
0411001001468318030000013000005000028000000000000000000000000000
0411001001468319930000012000005000028000000000000000000000000000
0411001001468320230000013000005000028000000000000000000000000000
0411001001468322930000011000011000131000000000000000000000000000
0411001001468335030000013000005000029000000000000000000000000000
0411001001468336930000014000005000029000000000000000000000000000
0411001001468337730000011000011000131000000000000000000000000000
0411001001468339330000011000005000032000000000000000000000000000
0411001001468340730000011000005000032000000000000000000000000000
0411001001468341530000011000011000141000000000000000000000000000
0411001001468342330000012000001000001000000000000000000000000000
0411001001468343130000013000001000001000000000000000000000000000
0411001001468345830000014000001000001000000000000000000000000000
0411001001468346630000011000011000155000000000000000000000000000
0411001001468347430000008000015000008000000000000000000000000000
0411001001468348230000011000001000001000000000000000000000000000
0411001001468349030000011000001000001000000000000000000000000000
0411001001468350430000009000001000001000000000000000000000000000
0411001001468351230000004000008000047000000000000000000000000000
0411001001468352030000004000001000001000000000000000000000000000
0411001001468353930000011000011000148000000000000000000000000000
0411001001468354730000011000011000149000000000000000000000000000
0411001001468355530000004000008000053000000000000000000000000000
0411001001468356330000011000011000114000000000000000000000000000
0411001001468357130000010000001000001000000000000000000000000000
0411001001468359830000007000009000059000000000000000000000000000
0411001001468360130000011000011000151000000000000000000000000000
0411001001468362830000011000011000131000000000000000000000000000
0411001001468363630000011000005000035000000000000000000000000000
0411001001468366030000008000016000041000000000000000000000000000
0411001001468387330000016000012000176000000000000000000000000000
0411001001468390330000016000012000172000000000000000000000000000
0411001001468393830000017000013000080000000000000000000000000000
0411001001468394630000008000010000109000000000000000000000000000
0411001001468395430000008000010000095000000000000000000000000000
0411001001468396230000008000010000095000000000000000000000000000
0411001001468397030000008000010000095000000000000000000000000000
0411001001468398930000008000010000100000000000000000000000000000
0411001001468399730000008000010000100000000000000000000000000000
0411001001468400430000008000010000100000000000000000000000000000
0411001001468401230000002000003000015000000000000000000000000000
0411001001468402030000009000002000116000000000000000000000000000
0411001001468403930000002000002000002000000000000000000000000000
0411001001468404730000017000013000086000000000000000000000000000
0411001001468405530000002000002000116000000000000000000000000000
0411001001468406330000002000002000132000000000000000000000000000
0411001001468407130000002000002000011000000000000000000000000000
0411001001468409830000002000002000006000000000000000000000000000
0411001001468410130000002000002000123000000000000000000000000000
0411001001468412830000008000010000103000000000000000000000000000
0411001001468413630000008000010000108000000000000000000000000000
0411001001468414430000008000015000136000000000000000000000000000
0411001001468415230000008000015000137000000000000000000000000000
0411001001468416030000008000010000107000000000000000000000000000
0411001001468417930000008000010000111000000000000000000000000000
0411001001468418730000008000010000111000000000000000000000000000
0411001001468419530000008000010000111000000000000000000000000000
0411001001468420930000008000010000111000000000000000000000000000
0411001001468421730000008000010000111000000000000000000000000000
0411001001468422530000008000010000111000000000000000000000000000
0411001001468423330000008000010000111000000000000000000000000000
0411001001468424130000008000010000099000000000000000000000000000
0411001001468426830000008000010000096000000000000000000000000000
0411001001468427630000008000010000110000000000000000000000000000
0411001001468428430000008000010000112000000000000000000000000000
0411001001470257630000004000008000043000000000000000000000000000
0411001001470258430000004000008000043000000000000000000000000000
0411001001470259230000007000009000060000000000000000000000000000
0411001001470260630000007000009000062000000000000000000000000000
0411001001470262230000008000010000185000000000000000000000000000
0411001001470263030000008000010000036000000000000000000000000000
0411001001470264930000018000017000066000000000000000000000000000
0411001001470265730000008000010000097000000000000000000000000000
0411001001470266530000008000010000098000000000000000000000000000
0411001001470267330000008000010000105000000000000000000000000000
0411001001470268130000008000015000135000000000000000000000000000
0411001001470270330000008000015000134000000000000000000000000000
0411001001472130930000011000011000141000000000000000000000000000
0411001001472132530000017000013000187000000000000000000000000000
0411001001472134130000008000010000102000000000000000000000000000
0411001001474359030000011000011000147000000000000000000000000000
0411001001474360430000002000002000121000000000000000000000000000
0411001001474361230000017000013000083000000000000000000000000000
0411001001474362030000009000003000015000000000000000000000000000
0411001001474363930000002000002000127000000000000000000000000000
0411001001474364730000002000002000128000000000000000000000000000
0411001001474365530000008000010000108000000000000000000000000000
0411001001477186130000012000005000023000000000000000000000000000
0411001001477188830000013000005000023000000000000000000000000000
0411001001477189630000015000014000180000000000000000000000000000
0411001001491019530000012000005000033000000000000000000000000000
0411001001491020930000013000005000033000000000000000000000000000
0411001001491021730000012000005000027000000000000000000000000000
0411001001491022530000013000005000027000000000000000000000000000
0411001001492665230000011000005000190000000000000000000000000000
0411001001496366330000018000017000203000000000000000000000000000
0411001001496367130000018000017000204000000000000000000000000000
0411001001496369830000018000017000205000000000000000000000000000
0411001001496370130000018000017000206000000000000000000000000000
0411001001496441430000008000010000207000000000000000000000000000
