06940000000042300000001073000000
06940000000090700000002273000000
06940000000094400000002511000000
06940000000098500000002593000000
06940000000131300000003041000000
06940000000131400000003221000000
06940000000133100000003091000000
06940000000133200000003091000000
06940000000133500000003181000000
06940000000135200000003141000000
06940000000135400000003151000000
06940000000135500000003061000000
06940000000136500000003131000000
06940000000136700000003061000000
06940000000136800000003061000000
06940000000137100000003071000000
06940000000137500000003081000000
06940000000138100000003101000000
06940000000139200000003221000000
06940000000139300000003201000000
06940000000139400000003201000000
06940000000139500000003201000000
06940000000139600000003201000000
06940000000141300000003171000000
06940000000141400000003171000000
06940000000141600000003171000000
06940000000141900000003071000000
06940000000145200000003161000000
06940000000146300000003161000000
06940000000149300000003061000000
06940000000149500000003061000000
06940000000151200000003161000000
06940000000156700000003161000000
06940000000157600000003211000000
06940000000159100000003211000000
06940000000161800000003161000000
06940000000163100000003071000000
06940000000164100000003061000000
06940000000169500000003191000000
06940000000173600000003191000000
06940000000175300000003211000000
06940000000188600000003061000000
06940000000194500000003161000000
06940000000196300000003071000000
06940000000196400000003211000000
06940000000197100000003161000000
06940000000199300000003211000000
06940000000199600000003211000000
06940000000199700000003211000000
06940000000200600000003161000000
06940000000202600000003161000000
06940000000203200000003161000000
06940000000205700000003161000000
06940000000206900000003071000000
06940000000209200000003061000000
06940000000214500000003061000000
06940000000214700000003161000000
06940000000222100000003161000000
06940000000233100000003061000000
06940000001010100000003071000000
06940000001038000000001073000000
06940000001038100000001083000000
06940000001103300000003061000000
06940000001181900000003171000000
06940000001182000000003171000000
06940000001182100000003171000000
06940000001184200000003061000000
06940000001184300000003061000000
06940000001189800000003061000000
06940000001307000000070253000000
06940000001347800000003041000000
06940000001415200000003101000000
06940000001419600000002593000000
06940000001419600000071763000000
06940000001424600000002593000000
06940000001424600000071763000000
06940000001424900000002593000000
06940000001424900000071763000000
06940000001424900000071773000000
06940000001434000000071813000000
06940000001769800000071813000000
06940000001770500000071813000000
06940000001779900000071813000000
06940000001783400000003171000000
06940000001783500000003171000000
06940000001784900000003041000000
06940000001785000000003041000000
06940000001789000000003171000000
06940000001789100000003171000000
06940000001792400000003061000000
06940000001792500000003061000000
06940000001793200000003101000000
06940000001793300000003101000000
06940000001794600000003061000000
06940000001795300000003061000000
06940000002278900000003061000000
06940000002279000000003061000000
06940000002280900000003181000000
06940000002289900000003161000000
06940000002302100000003061000000
06940000002302300000003081000000
06940000002311600000003201000000
06940000002311700000003201000000
06940000002311800000003201000000
06940000002311900000003201000000
06940000002314100000003161000000
06940000002317400000003161000000
06940000002324500000003161000000
06940000002342800000003061000000
06940000002343700000003181000000
06940000002344200000003161000000
06940000002346600000071813000000
06940000002350500000003061000000
06940000002350800000003201000000
06940000002350900000003201000000
06940000002351000000003201000000
06940000002351100000003201000000
06940000002357500000003131000000
06940000002364000000071813000000
06940000002377700000003141000000
06940000002380900000003161000000
06940000002381000000003161000000
06940000002385700000003061000000
06940000002385800000003061000000
06940000002400700000003061000000
