0682000000001071015000009000000950000000000000000000000000000000
0682000000001081015000009000000950000000000000000000000000000000
0682000000013991015000013000000080000000000000000000000000000000
0682000000013991015000013000000200000000000000000000000000000000
0682000000013991015000013000000250000000000000000000000000000000
0682000000014001015000013000000230000000000000000000000000000000
0682000000014001015000013000000250000000000000000000000000000000
0682000000014001015000013000000260000000000000000000000000000000
0682000000014011015000013000000190000000000000000000000000000000
0682000000014011015000013000000200000000000000000000000000000000
0682000000014011015000013000000260000000000000000000000000000000
0682000000068821015000011000000020000000000000000000000000000000
0682000000071881015000011000069370000000000000000000000000000000
0682000000071881015000011000069380000000000000000000000000000000
0682000000071881015000011000069390000000000000000000000000000000
0682000000071881015000011000069400000000000000000000000000000000
0682000000073861015000011000001010000000000000000000000000000000
0682000000073871015000011000001010000000000000000000000000000000
0682000000073881015000011000003260000000000000000000000000000000
0682000000073881015000011000003300000000000000000000000000000000
0682000000073901015000011000001900000000000000000000000000000000
0682000000074171015000011000000730000000000000000000000000000000
0682000000074251015000011000002070000000000000000000000000000000
0682000000074281015000011000001790000000000000000000000000000000
0682000000075641015000011000000220000000000000000000000000000000
0682000000075691015000011000001320000000000000000000000000000000
0682000000075951015000011000002460000000000000000000000000000000
0682000000075961015000011000002470000000000000000000000000000000
0682000000075971015000011000002470000000000000000000000000000000
0682000000075981015000011000002470000000000000000000000000000000
0682000000075991015000011000002470000000000000000000000000000000
0682000000076001015000011000002470000000000000000000000000000000
0682000000076011015000011000002470000000000000000000000000000000
0682000000076091015000011000003030000000000000000000000000000000
0682000000076901015000011000000930000000000000000000000000000000
0682000000076911015000011000000940000000000000000000000000000000
0682000000076941015000011000001350000000000000000000000000000000
0682000000077401015000011000002470000000000000000000000000000000
0682000000078531015000011000001070000000000000000000000000000000
0682000000078531015000011000001080000000000000000000000000000000
0682000000078531015000011000004890000000000000000000000000000000
0682000000078531015000011000005630000000000000000000000000000000
0682000000078531015000011000007050000000000000000000000000000000
0682000000078531015000011000009110000000000000000000000000000000
0682000000078531015000011000009910000000000000000000000000000000
0682000000078531015000011000011150000000000000000000000000000000
0682000000078531015000011000011730000000000000000000000000000000
0682000000078531015000011000017930000000000000000000000000000000
0682000000078531015000011000017940000000000000000000000000000000
0682000000078531015000011000078170000000000000000000000000000000
0682000000079301015000011000001010000000000000000000000000000000
0682000000079301015000011000001020000000000000000000000000000000
0682000000079301015000011000001030000000000000000000000000000000
0682000000079301015000011000001040000000000000000000000000000000
0682000000079301015000011000001050000000000000000000000000000000
0682000000079301015000011000001060000000000000000000000000000000
0682000000079301015000011000073860000000000000000000000000000000
0682000000079301015000011000073870000000000000000000000000000000
0682000000081771015000011000003690000000000000000000000000000000
0682000000081771015000011000004210000000000000000000000000000000
0682000000081771015000011000004220000000000000000000000000000000
0682000000081771015000011000004230000000000000000000000000000000
0682000000081771015000011000004360000000000000000000000000000000
0682000000081771015000011000006820000000000000000000000000000000
0682000000081771015000011000006850000000000000000000000000000000
0682000000082431015000013000000020000000000000000000000000000000
0682000000082441015000013000000060000000000000000000000000000000
0682000000082451015000013000000070000000000000000000000000000000
0682000000082461015000013000000140000000000000000000000000000000
0682000000082481015000013000000210000000000000000000000000000000
0682000000082491015000013000000150000000000000000000000000000000
0682000000082511015000013000000220000000000000000000000000000000
0682000000082521015000013000000270000000000000000000000000000000
0682000000082531015000013000000280000000000000000000000000000000
0682000000082541015000013000000290000000000000000000000000000000
0682000000082551015000013000000300000000000000000000000000000000
0682000000082561015000013000000310000000000000000000000000000000
0682000000082561015000013000000330000000000000000000000000000000
0682000000082571015000013000000320000000000000000000000000000000
0682000000082581015000013000000340000000000000000000000000000000
0682000000082851015000013000000100000000000000000000000000000000
0682000000082861015000013000000120000000000000000000000000000000
0682000000082871015000013000000130000000000000000000000000000000
0682000000082881015000013000000160000000000000000000000000000000
0682000000082891015000013000000240000000000000000000000000000000
0682000000082901015000013000000330000000000000000000000000000000
0682000000082911015000013000000360000000000000000000000000000000
0682000000082921015000013000000110000000000000000000000000000000
0682000000084151015000011000002860000000000000000000000000000000
0682000000084161015000011000002860000000000000000000000000000000
0682000000084171015000011000002860000000000000000000000000000000
