0695000000000010000000011000100000000010000000000000000000000000
0695000000000060000000011000100000000010000000000000000000000000
0695000000000070000000007000100000000160000000000000000000000000
0695000000000100000000007000100000000160000000000000000000000000
0695000000000110000000008000100000000110000000000000000000000000
0695000000000120000000009000100000000700000000000000000000000000
0695000000000270000000008000100000000110000000000000000000000000
0695000000000330000000008000100000000110000000000000000000000000
0695000000000440000000008000100000000110000000000000000000000000
0695000000000480000000008000100000000110000000000000000000000000
0695000000000510000000008000100000000110000000000000000000000000
0695000000000520000000008000100000000110000000000000000000000000
0695000000000530000000017000100000000830000000000000000000000000
0695000000000540000000020000100000002140000000000000000000000000
0695000000000550000000008000100000000110000000000000000000000000
0695000000000560000000011000100000000030000000000000000000000000
0695000000000570000000011000100000000710000000000000000000000000
0695000000000580000000011000100000000030000000000000000000000000
0695000000000590000000011000100000000030000000000000000000000000
0695000000000600000000011000100000000030000000000000000000000000
0695000000000690000000008000100000000110000000000000000000000000
0695000000000710000000008000100000000110000000000000000000000000
0695000000000720000000008000100000000110000000000000000000000000
0695000000000730000000008000100000000110000000000000000000000000
0695000000000750000000020000100000001060000000000000000000000000
0695000000000760000000010000100000000730000000000000000000000000
0695000000000770000000010000100000000740000000000000000000000000
0695000000000780000000010000100000000750000000000000000000000000
0695000000000790000000008000100000000110000000000000000000000000
0695000000000830000000010000100000000800000000000000000000000000
0695000000000840000000010000100000000810000000000000000000000000
0695000000000850000000010000100000000820000000000000000000000000
0695000000000880000000007000100000000160000000000000000000000000
0695000000000900000000007000100000000160000000000000000000000000
0695000000000920000000011000100000000010000000000000000000000000
0695000000000930000000011000100000000010000000000000000000000000
0695000000000940000000011000100000000010000000000000000000000000
0695000000000950000000008000100000002250000000000000000000000000
0695000000000960000000008000100000002240000000000000000000000000
0695000000000970000000020000100000002110000000000000000000000000
0695000000000990000000009000100000000090000000000000000000000000
0695000000001010000000020000100000002110000000000000000000000000
0695000000001020000000020000100000002110000000000000000000000000
0695000000001030000000020000100000002110000000000000000000000000
0695000000001040000000020000100000002110000000000000000000000000
0695000000001050000000020000100000002110000000000000000000000000
0695000000001060000000020000100000002110000000000000000000000000
0695000000001070000000020000100000002110000000000000000000000000
0695000000001080000000020000100000002110000000000000000000000000
0695000000001090000000020000100000002110000000000000000000000000
0695000000001100000000009000100000000120000000000000000000000000
0695000000001110000000026000100000000600000000000000000000000000
0695000000001120000000010000100000000720000000000000000000000000
0695000000001130000000026000100000000240000000000000000000000000
0695000000001140000000026000100000000340000000000000000000000000
0695000000001150000000026000100000000600000000000000000000000000
0695000000001180000000007000100000000160000000000000000000000000
0695000000001190000000026000100000000600000000000000000000000000
0695000000001260000000007000100000000160000000000000000000000000
0695000000001270000000020000100000002070000000000000000000000000
0695000000001280000000020000100000001040000000000000000000000000
0695000000001290000000020000100000002080000000000000000000000000
0695000000001300000000020000100000001050000000000000000000000000
0695000000001310000000020000100000000980000000000000000000000000
0695000000001320000000020000100000002080000000000000000000000000
0695000000001330000000020000100000002080000000000000000000000000
0695000000001340000000020000100000002110000000000000000000000000
0695000000001350000000008000100000000110000000000000000000000000
0695000000001360000000008000100000000110000000000000000000000000
0695000000001370000000008000100000000110000000000000000000000000
0695000000001380000000008000100000000110000000000000000000000000
0695000000001420000000007000100000000160000000000000000000000000
0695000000001430000000007000100000000160000000000000000000000000
0695000000001440000000007000100000000160000000000000000000000000
0695000000001450000000020000100000002080000000000000000000000000
0695000000001460000000020000100000001000000000000000000000000000
0695000000001470000000020000100000002110000000000000000000000000
0695000000001480000000020000100000002110000000000000000000000000
0695000000001490000000020000100000002070000000000000000000000000
0695000000001500000000020000100000002080000000000000000000000000
0695000000001510000000020000100000002080000000000000000000000000
0695000000001520000000020000100000002110000000000000000000000000
0695000000001530000000020000100000002110000000000000000000000000
0695000000001540000000020000100000002110000000000000000000000000
0695000000001550000000020000100000002110000000000000000000000000
0695000000001560000000020000100000002070000000000000000000000000
0695000000001570000000020000100000002070000000000000000000000000
0695000000001580000000020000100000002080000000000000000000000000
0695000000001590000000020000100000002110000000000000000000000000
0695000000001600000000020000100000002110000000000000000000000000
0695000000001610000000020000100000002080000000000000000000000000
0695000000001620000000008000100000000110000000000000000000000000
0695000000001630000000008000100000000110000000000000000000000000
0695000000001670000000026000100000000190000000000000000000000000
0695000000001680000000026000100000000210000000000000000000000000
0695000000001690000000009000100000000080000000000000000000000000
0695000000001700000000020000100000002110000000000000000000000000
0695000000001710000000017000100000000830000000000000000000000000
0695000000001730000000020000100000001120000000000000000000000000
0695000000001740000000020000100000002140000000000000000000000000
0695000000001770000000009000100000000100000000000000000000000000
0695000000001790000000020000100000002110000000000000000000000000
0695000000001800000000020000100000002110000000000000000000000000
0695000000001810000000020000100000002080000000000000000000000000
0695000000001820000000020000100000002080000000000000000000000000
0695000000001840000000020000100000001190000000000000000000000000
0695000000001850000000020000100000002100000000000000000000000000
0695000000001860000000020000100000002100000000000000000000000000
0695000000001870000000020000100000002110000000000000000000000000
0695000000001920000000020000100000002080000000000000000000000000
0695000000001930000000020000100000002080000000000000000000000000
0695000000001940000000020000100000002080000000000000000000000000
0695000000001950000000020000100000002080000000000000000000000000
0695000000001960000000011000100000000040000000000000000000000000
0695000000001970000000011000100000000040000000000000000000000000
0695000000001990000000008000100000000110000000000000000000000000
0695000000002000000000026000100000000230000000000000000000000000
0695000000002010000000026000100000000870000000000000000000000000
0695000000002040000000021000100000002110000000000000000000000000
0695000000002050000000026000100000000600000000000000000000000000
0695000000002060000000020000100000002110000000000000000000000000
0695000000002070000000020000100000002110000000000000000000000000
0695000000002080000000020000100000002080000000000000000000000000
0695000000002090000000020000100000001080000000000000000000000000
0695000000002190000000024000100000002040000000000000000000000000
0695000000002210000000024000100000002050000000000000000000000000
0695000000002220000000007000100000000160000000000000000000000000
0695000000002250000000025000100000000030000000000000000000000000
0695000000002260000000011000100000000030000000000000000000000000
0695000000002400000000008000100000000110000000000000000000000000
0695000000003960000000007000100000000160000000000000000000000000
0695000000004590000000007000100000000160000000000000000000000000
0695000000004620000000007000100000000160000000000000000000000000
0695000000007700000000007000100000000160000000000000000000000000
0695000000007870000000007000100000000160000000000000000000000000
0695000000009120000000007000100000000160000000000000000000000000
0695000000012980000000026000100000000190000000000000000000000000
0695000000012990000000026000100000000170000000000000000000000000
0695000000013000000000026000100000000180000000000000000000000000
0695000000013010000000026000100000000200000000000000000000000000
0695000000013020000000026000100000000600000000000000000000000000
0695000000013030000000026000100000000340000000000000000000000000
0695000000013040000000026000100000000370000000000000000000000000
0695000000013050000000026000100000000470000000000000000000000000
0695000000013060000000026000100000000390000000000000000000000000
0695000000013070000000026000100000000460000000000000000000000000
0695000000013080000000026000100000000420000000000000000000000000
0695000000013090000000026000100000002390000000000000000000000000
0695000000013100000000026000100000002400000000000000000000000000
0695000000013110000000026000100000000240000000000000000000000000
0695000000013120000000026000100000000230000000000000000000000000
0695000000013130000000026000100000000220000000000000000000000000
0695000000013140000000026000100000000330000000000000000000000000
0695000000013150000000026000100000000530000000000000000000000000
0695000000013160000000026000100000000640000000000000000000000000
0695000000013170000000026000100000000650000000000000000000000000
0695000000013180000000026000100000000670000000000000000000000000
0695000000013190000000026000100000000400000000000000000000000000
0695000000013200000000026000100000000440000000000000000000000000
0695000000013210000000026000100000000500000000000000000000000000
0695000000013220000000026000100000002420000000000000000000000000
0695000000013230000000026000100000000300000000000000000000000000
0695000000013240000000026000100000000380000000000000000000000000
0695000000013250000000026000100000000520000000000000000000000000
0695000000013260000000026000100000000560000000000000000000000000
0695000000013270000000026000100000000580000000000000000000000000
0695000000013280000000026000100000000210000000000000000000000000
0695000000013290000000026000100000000680000000000000000000000000
0695000000013300000000026000100000000690000000000000000000000000
0695000000013310000000026000100000002570000000000000000000000000
0695000000013320000000026000100000002580000000000000000000000000
0695000000013330000000026000100000002640000000000000000000000000
0695000000013340000000026000100000002650000000000000000000000000
0695000000013350000000026000100000002590000000000000000000000000
0695000000013360000000026000100000002600000000000000000000000000
0695000000013370000000026000100000002610000000000000000000000000
0695000000013380000000026000100000002620000000000000000000000000
0695000000013390000000026000100000002630000000000000000000000000
0695000000013400000000026000100000002330000000000000000000000000
0695000000013410000000026000100000002320000000000000000000000000
0695000000013420000000026000100000002350000000000000000000000000
0695000000013430000000026000100000002680000000000000000000000000
0695000000013440000000026000100000002690000000000000000000000000
0695000000013450000000026000100000002660000000000000000000000000
0695000000013460000000026000100000002670000000000000000000000000
0695000000013470000000026000100000000430000000000000000000000000
0695000000013480000000026000100000002370000000000000000000000000
0695000000013490000000026000100000002360000000000000000000000000
0695000000013500000000026000100000002700000000000000000000000000
0695000000013510000000026000100000002710000000000000000000000000
0695000000013520000000026000100000000660000000000000000000000000
0695000000013530000000026000100000002720000000000000000000000000
0695000000013540000000026000100000002300000000000000000000000000
0695000000013550000000026000100000002740000000000000000000000000
0695000000013560000000026000100000002730000000000000000000000000
0695000000013570000000026000100000002270000000000000000000000000
0695000000013580000000026000100000002280000000000000000000000000
0695000000013590000000026000100000000410000000000000000000000000
0695000000013600000000026000100000000310000000000000000000000000
0695000000013610000000026000100000000450000000000000000000000000
0695000000013620000000026000100000000350000000000000000000000000
0695000000013630000000026000100000000550000000000000000000000000
0695000000013640000000026000100000000360000000000000000000000000
0695000000013650000000026000100000000610000000000000000000000000
0695000000013660000000026000100000000570000000000000000000000000
0695000000013670000000026000100000000510000000000000000000000000
0695000000013680000000026000100000000290000000000000000000000000
0695000000013690000000026000100000000540000000000000000000000000
0695000000013700000000026000100000000320000000000000000000000000
0695000000013710000000026000100000000480000000000000000000000000
0695000000013720000000026000100000002750000000000000000000000000
0695000000013730000000026000100000002760000000000000000000000000
0695000000013740000000026000100000000850000000000000000000000000
0695000000013750000000026000100000000890000000000000000000000000
0695000000013760000000026000100000000900000000000000000000000000
0695000000013770000000026000100000000910000000000000000000000000
0695000000013780000000026000100000000860000000000000000000000000
0695000000013790000000026000100000000870000000000000000000000000
0695000000013800000000026000100000002530000000000000000000000000
0695000000013810000000026000100000002790000000000000000000000000
0695000000013820000000026000100000002800000000000000000000000000
0695000000013830000000026000100000002810000000000000000000000000
0695000000013840000000026000100000002820000000000000000000000000
0695000000013850000000026000100000002830000000000000000000000000
0695000000013860000000026000100000002840000000000000000000000000
0695000000013870000000026000100000002850000000000000000000000000
0695000000013880000000026000100000002860000000000000000000000000
0695000000013890000000026000100000002170000000000000000000000000
0695000000013900000000026000100000002410000000000000000000000000
0695000000013910000000026000100000000840000000000000000000000000
0695000000013920000000026000100000000620000000000000000000000000
0695000000013930000000026000100000000880000000000000000000000000
0695000000013940000000026000100000002460000000000000000000000000
0695000000013950000000026000100000002870000000000000000000000000
0695000000013960000000026000100000002880000000000000000000000000
0695000000013970000000026000100000002780000000000000000000000000
0695000000013980000000026000100000002770000000000000000000000000
0695000000013990000000026000100000002450000000000000000000000000
0695000000014000000000026000100000002890000000000000000000000000
0695000000014010000000026000100000002900000000000000000000000000
0695000000014020000000026000100000002910000000000000000000000000
0695000000014030000000026000100000002920000000000000000000000000
0695000000014040000000026000100000002930000000000000000000000000
0695000000014050000000026000100000002940000000000000000000000000
0695000000014170000000008000100000000110000000000000000000000000
0695000000014180000000008000100000000110000000000000000000000000
0695000000014220000000020000100000002110000000000000000000000000
0695000000014240000000020000100000002110000000000000000000000000
0695000000014320000000001000100000002110000000000000000000000000
0695000000014330000000001000100000002110000000000000000000000000
0695000000014340000000001000100000002110000000000000000000000000
0695000000014350000000020000100000002110000000000000000000000000
0695000000014440000000026000100000000760000000000000000000000000
0695000000014450000000026000100000000770000000000000000000000000
0695000000014460000000026000100000000780000000000000000000000000
0695000000014470000000026000100000000250000000000000000000000000
0695000000015070000000026000100000002490000000000000000000000000
0695000000015080000000026000100000002480000000000000000000000000
0695000000015230000000008000100000000110000000000000000000000000
0695000000015290000000026000100000000250000000000000000000000000
0695000000015460000000008000100000000110000000000000000000000000
0695000000015540000000026000100000003020000000000000000000000000
0695000000015550000000026000100000003010000000000000000000000000
0695000000015680000000021000100000002110000000000000000000000000
0695000000015690000000021000100000002110000000000000000000000000
0695000000015700000000021000100000002110000000000000000000000000
0695000000015710000000021000100000002110000000000000000000000000
0695000000015720000000021000100000002110000000000000000000000000
0695000000015730000000021000100000002110000000000000000000000000
0695000000015740000000021000100000002110000000000000000000000000
0695000000015750000000021000100000002110000000000000000000000000
0695000000015760000000021000100000002110000000000000000000000000
0695000000015770000000021000100000002110000000000000000000000000
0695000000015780000000021000100000002110000000000000000000000000
0695000000015790000000021000100000002110000000000000000000000000
0695000000015800000000021000100000002110000000000000000000000000
0695000000015810000000021000100000002110000000000000000000000000
0695000000015820000000021000100000002110000000000000000000000000
0695000000015880000000011000100000000030000000000000000000000000
0695000000015900000000007000100000000160000000000000000000000000
0695000000015960000000007000100000000160000000000000000000000000
0695000000015990000000007000100000000160000000000000000000000000
0695000000016100000000021000100000002110000000000000000000000000
0695000000016130000000007000100000000160000000000000000000000000
0695000000016560000000007000100000000160000000000000000000000000
0695000000016580000000007000100000000160000000000000000000000000
0695000000016610000000011000100000000040000000000000000000000000
0695000000016620000000007000100000000160000000000000000000000000
0695000000016630000000007000100000000160000000000000000000000000
0695000000016670000000007000100000000160000000000000000000000000
0695000000016680000000011000100000003260000000000000000000000000
0695000000016690000000011000100000003260000000000000000000000000
0695000000016700000000021000100000002140000000000000000000000000
0695000000016740000000007000100000000160000000000000000000000000
0695000000016780000000007000100000000160000000000000000000000000
0695000000016820000000007000100000000160000000000000000000000000
0695000000016860000000007000100000000160000000000000000000000000
0695000000016900000000007000100000000160000000000000000000000000
0695000000016940000000007000100000000160000000000000000000000000
0695000000016980000000007000100000000160000000000000000000000000
0695000000017020000000007000100000000160000000000000000000000000
0695000000017060000000007000100000000160000000000000000000000000
0695000000017100000000007000100000000160000000000000000000000000
0695000000017140000000007000100000000160000000000000000000000000
0695000000017180000000007000100000000160000000000000000000000000
0695000000017220000000007000100000000160000000000000000000000000
0695000000017260000000007000100000000160000000000000000000000000
0695000000017300000000007000100000000160000000000000000000000000
0695000000017340000000007000100000000160000000000000000000000000
0695000000017380000000007000100000000160000000000000000000000000
0695000000017420000000007000100000000160000000000000000000000000
0695000000017460000000007000100000000160000000000000000000000000
0695000000017500000000007000100000000160000000000000000000000000
0695000000017540000000007000100000000160000000000000000000000000
0695000000017580000000007000100000000160000000000000000000000000
0695000000017620000000007000100000000160000000000000000000000000
0695000000017660000000007000100000000160000000000000000000000000
0695000000017700000000007000100000000160000000000000000000000000
0695000000017740000000007000100000000160000000000000000000000000
0695000000017780000000007000100000000160000000000000000000000000
0695000000017820000000007000100000000160000000000000000000000000
0695000000017860000000007000100000000160000000000000000000000000
0695000000017900000000007000100000000160000000000000000000000000
0695000000017940000000007000100000000160000000000000000000000000
0695000000017980000000007000100000000160000000000000000000000000
0695000000018020000000007000100000000160000000000000000000000000
0695000000018060000000007000100000000160000000000000000000000000
0695000000018100000000007000100000000160000000000000000000000000
0695000000018140000000007000100000000160000000000000000000000000
0695000000018180000000007000100000000160000000000000000000000000
0695000000018220000000007000100000000160000000000000000000000000
0695000000018260000000007000100000000160000000000000000000000000
0695000000018300000000007000100000000160000000000000000000000000
0695000000018340000000007000100000000160000000000000000000000000
0695000000018380000000007000100000000160000000000000000000000000
0695000000018420000000007000100000000160000000000000000000000000
0695000000018460000000007000100000000160000000000000000000000000
0695000000018500000000007000100000000160000000000000000000000000
0695000000018540000000007000100000000160000000000000000000000000
0695000000018580000000007000100000000160000000000000000000000000
0695000000018620000000007000100000000160000000000000000000000000
0695000000018660000000007000100000000160000000000000000000000000
0695000000018700000000007000100000000160000000000000000000000000
0695000000018740000000007000100000000160000000000000000000000000
0695000000018780000000007000100000000160000000000000000000000000
0695000000018820000000007000100000000160000000000000000000000000
0695000000018860000000007000100000000160000000000000000000000000
0695000000018900000000007000100000000160000000000000000000000000
0695000000018940000000007000100000000160000000000000000000000000
0695000000018980000000007000100000000160000000000000000000000000
0695000000019020000000007000100000000160000000000000000000000000
0695000000019060000000007000100000000160000000000000000000000000
0695000000019100000000007000100000000160000000000000000000000000
0695000000019140000000007000100000000160000000000000000000000000
0695000000019180000000007000100000000160000000000000000000000000
0695000000019220000000007000100000000160000000000000000000000000
0695000000019260000000007000100000000160000000000000000000000000
0695000000019300000000007000100000000160000000000000000000000000
0695000000019340000000007000100000000160000000000000000000000000
0695000000019380000000007000100000000160000000000000000000000000
0695000000019420000000007000100000000160000000000000000000000000
0695000000019460000000007000100000000160000000000000000000000000
0695000000019500000000007000100000000160000000000000000000000000
0695000000019540000000007000100000000160000000000000000000000000
0695000000019580000000007000100000000160000000000000000000000000
0695000000019620000000007000100000000160000000000000000000000000
0695000000019660000000007000100000000160000000000000000000000000
0695000000019700000000007000100000000160000000000000000000000000
0695000000019740000000007000100000000160000000000000000000000000
0695000000019780000000007000100000000160000000000000000000000000
0695000000019820000000007000100000000160000000000000000000000000
0695000000019860000000007000100000000160000000000000000000000000
0695000000019900000000007000100000000160000000000000000000000000
0695000000019940000000007000100000000160000000000000000000000000
0695000000019980000000007000100000000160000000000000000000000000
0695000000020020000000007000100000000160000000000000000000000000
0695000000020060000000007000100000000160000000000000000000000000
0695000000020100000000007000100000000160000000000000000000000000
0695000000020140000000007000100000000160000000000000000000000000
0695000000020180000000007000100000000160000000000000000000000000
0695000000020220000000007000100000000160000000000000000000000000
0695000000020260000000007000100000000160000000000000000000000000
0695000000020300000000007000100000000160000000000000000000000000
0695000000020340000000007000100000000160000000000000000000000000
0695000000020380000000007000100000000160000000000000000000000000
0695000000020420000000007000100000000160000000000000000000000000
0695000000020460000000007000100000000160000000000000000000000000
0695000000020500000000007000100000000160000000000000000000000000
0695000000020540000000007000100000000160000000000000000000000000
0695000000020580000000007000100000000160000000000000000000000000
0695000000020620000000007000100000000160000000000000000000000000
0695000000020660000000007000100000000160000000000000000000000000
0695000000020700000000007000100000000160000000000000000000000000
0695000000020760000000007000100000000160000000000000000000000000
0695000000020800000000007000100000000160000000000000000000000000
0695000000020840000000007000100000000160000000000000000000000000
0695000000020880000000007000100000000160000000000000000000000000
0695000000020920000000007000100000000160000000000000000000000000
0695000000020960000000007000100000000160000000000000000000000000
0695000000021000000000007000100000000160000000000000000000000000
0695000000021040000000007000100000000160000000000000000000000000
0695000000021080000000007000100000000160000000000000000000000000
0695000000021120000000007000100000000160000000000000000000000000
0695000000021160000000007000100000000160000000000000000000000000
0695000000021200000000007000100000000160000000000000000000000000
0695000000021240000000007000100000000160000000000000000000000000
0695000000021280000000007000100000000160000000000000000000000000
0695000000021320000000007000100000000160000000000000000000000000
0695000000021360000000007000100000000160000000000000000000000000
0695000000021400000000007000100000000160000000000000000000000000
0695000000021440000000007000100000000160000000000000000000000000
0695000000021480000000007000100000000160000000000000000000000000
0695000000021520000000007000100000000160000000000000000000000000
0695000000021560000000007000100000000160000000000000000000000000
0695000000021600000000007000100000000160000000000000000000000000
0695000000021640000000007000100000000160000000000000000000000000
0695000000021680000000007000100000000160000000000000000000000000
0695000000021720000000007000100000000160000000000000000000000000
0695000000021760000000007000100000000160000000000000000000000000
0695000000021800000000007000100000000160000000000000000000000000
0695000000021840000000007000100000000160000000000000000000000000
0695000000021880000000007000100000000160000000000000000000000000
0695000000021920000000007000100000000160000000000000000000000000
0695000000021960000000007000100000000160000000000000000000000000
0695000000022000000000007000100000000160000000000000000000000000
0695000000022040000000007000100000000160000000000000000000000000
0695000000022080000000007000100000000160000000000000000000000000
0695000000022120000000007000100000000160000000000000000000000000
0695000000022160000000007000100000000160000000000000000000000000
0695000000022200000000007000100000000160000000000000000000000000
0695000000022240000000007000100000000160000000000000000000000000
0695000000022280000000007000100000000160000000000000000000000000
0695000000022320000000007000100000000160000000000000000000000000
0695000000022360000000007000100000000160000000000000000000000000
0695000000022400000000007000100000000160000000000000000000000000
0695000000022440000000007000100000000160000000000000000000000000
0695000000022480000000007000100000000160000000000000000000000000
0695000000022520000000007000100000000160000000000000000000000000
0695000000022560000000007000100000000160000000000000000000000000
0695000000022590000000007000100000000160000000000000000000000000
0695000000022630000000007000100000000160000000000000000000000000
0695000000022670000000007000100000000160000000000000000000000000
0695000000022760000000007000100000000160000000000000000000000000
0695000000022830000000007000100000000160000000000000000000000000
0695000000022930000000021000100000002110000000000000000000000000
0695000000022940000000021000100000002110000000000000000000000000
0695000000022950000000021000100000002110000000000000000000000000
0695000000022960000000021000100000002110000000000000000000000000
0695000000022970000000021000100000002110000000000000000000000000
0695000000022980000000021000100000002110000000000000000000000000
0695000000023020000000021000100000001120000000000000000000000000
0695000000023030000000007000100000000160000000000000000000000000
0695000000023040000000021000100000002070000000000000000000000000
0695000000023070000000007000100000000160000000000000000000000000
0695000000023120000000007000100000000160000000000000000000000000
0695000000023170000000007000100000000160000000000000000000000000
0695000000023330000000007000100000000160000000000000000000000000
0695000000023370000000007000100000000160000000000000000000000000
0695000000023410000000007000100000000160000000000000000000000000
0695000000023470000000007000100000000160000000000000000000000000
0695000000023550000000007000100000000160000000000000000000000000
0695000000023610000000007000100000000160000000000000000000000000
0695000000023660000000007000100000000160000000000000000000000000
0695000000023700000000007000100000000160000000000000000000000000
0695000000023750000000007000100000000160000000000000000000000000
0695000000023780000000021000100000002110000000000000000000000000
0695000000023790000000021000100000002110000000000000000000000000
0695000000023800000000021000100000002110000000000000000000000000
0695000000023820000000007000100000000160000000000000000000000000
0695000000023870000000007000100000000160000000000000000000000000
0695000000023910000000007000100000000160000000000000000000000000
0695000000023940000000026000100000003290000000000000000000000000
0695000000023950000000026000100000003280000000000000000000000000
0695000000024030000000007000100000000160000000000000000000000000
0695000000024070000000007000100000000160000000000000000000000000
0695000000024110000000007000100000000160000000000000000000000000
0695000000024150000000007000100000000160000000000000000000000000
0695000000024190000000007000100000000160000000000000000000000000
0695000000024230000000007000100000000160000000000000000000000000
0695000000024270000000007000100000000160000000000000000000000000
0695000000024310000000007000100000000160000000000000000000000000
0695000000024350000000007000100000000160000000000000000000000000
0695000000024400000000007000100000000160000000000000000000000000
0695000000024440000000007000100000000160000000000000000000000000
0695000000024480000000007000100000000160000000000000000000000000
0695000000024520000000007000100000000160000000000000000000000000
0695000000024560000000007000100000000160000000000000000000000000
0695000000024600000000007000100000000160000000000000000000000000
0695000000024640000000007000100000000160000000000000000000000000
0695000000024680000000007000100000000160000000000000000000000000
0695000000024720000000007000100000000160000000000000000000000000
0695000000024760000000007000100000000160000000000000000000000000
0695000000024810000000007000100000000160000000000000000000000000
0695000000024850000000007000100000000160000000000000000000000000
0695000000024920000000007000100000000160000000000000000000000000
0695000000024960000000007000100000000160000000000000000000000000
0695000000025030000000007000100000000160000000000000000000000000
0695000000025070000000007000100000000160000000000000000000000000
0695000000025110000000007000100000000160000000000000000000000000
0695000000025150000000007000100000000160000000000000000000000000
0695000000025190000000007000100000000160000000000000000000000000
0695000000025230000000007000100000000160000000000000000000000000
0695000000025270000000007000100000000160000000000000000000000000
0695000000025300000000008000100000000700000000000000000000000000
0695000000025320000000007000100000000160000000000000000000000000
0695000000025370000000020000100000003050000000000000000000000000
0695000000025380000000007000100000003320000000000000000000000000
0695000000025490000000021000100000002110000000000000000000000000
0695000000025500000000021000100000002110000000000000000000000000
0695000000025510000000021000100000002110000000000000000000000000
0695000000025520000000021000100000002110000000000000000000000000
0695000000025540000000007000100000000160000000000000000000000000
0695000000025580000000007000100000000160000000000000000000000000
0695000000025620000000007000100000000160000000000000000000000000
0695000000025690000000027000100000000240000000000000000000000000
0695000000025700000000027000100000000340000000000000000000000000
0695000000025750000000007000100000000160000000000000000000000000
0695000000025790000000007000100000000160000000000000000000000000
0695000000025830000000007000100000000160000000000000000000000000
0695000000025870000000007000100000000160000000000000000000000000
0695000000025900000000026000100000002970000000000000000000000000
0695000000025910000000026000100000002960000000000000000000000000
0695000000025920000000026000100000002980000000000000000000000000
0695000000025930000000026000100000002950000000000000000000000000
0695000000025950000000027000100000000600000000000000000000000000
0695000000025960000000027000100000000600000000000000000000000000
0695000000025990000000007000100000000160000000000000000000000000
0695000000026030000000007000100000000160000000000000000000000000
0695000000026070000000007000100000000160000000000000000000000000
0695000000026110000000007000100000000160000000000000000000000000
0695000000026160000000007000100000000160000000000000000000000000
0695000000026210000000007000100000000160000000000000000000000000
0695000000026240000000026000100000002990000000000000000000000000
0695000000026260000000007000100000000160000000000000000000000000
0695000000026320000000007000100000000160000000000000000000000000
0695000000026360000000007000100000000160000000000000000000000000
0695000000026410000000007000100000000160000000000000000000000000
0695000000026450000000007000100000000160000000000000000000000000
0695000000026490000000007000100000000160000000000000000000000000
0695000000026570000000021000100000000080000000000000000000000000
0695000000026580000000021000100000000080000000000000000000000000
0695000000026610000000007000100000000160000000000000000000000000
0695000000026650000000007000100000000160000000000000000000000000
0695000000026690000000007000100000000160000000000000000000000000
0695000000026730000000007000100000000160000000000000000000000000
0695000000026770000000007000100000000160000000000000000000000000
0695000000026810000000007000100000000160000000000000000000000000
0695000000026850000000007000100000000160000000000000000000000000
0695000000026890000000007000100000000160000000000000000000000000
0695000000026930000000007000100000000160000000000000000000000000
0695000000026970000000007000100000000160000000000000000000000000
0695000000027000000000021000100000002110000000000000000000000000
0695000000027010000000021000100000002110000000000000000000000000
0695000000027200000000021000100000002140000000000000000000000000
0695000000027350000000021000100000002110000000000000000000000000
0695000000027360000000021000100000002110000000000000000000000000
0695000000027940000000021000100000000080000000000000000000000000
0695000000027950000000021000100000000080000000000000000000000000
0695000000028790000000021000100000000080000000000000000000000000
0695000000028800000000021000100000000080000000000000000000000000
0695000000028810000000021000100000000080000000000000000000000000
0695000000028820000000021000100000000080000000000000000000000000
0695000000028830000000021000100000000080000000000000000000000000
0695000000028840000000021000100000000080000000000000000000000000
0695000000028850000000021000100000000080000000000000000000000000
0695000000028860000000021000100000000080000000000000000000000000
0695000000028870000000021000100000000080000000000000000000000000
0695000000028880000000021000100000000080000000000000000000000000
0695000000028890000000021000100000000080000000000000000000000000
0695000000028900000000021000100000000080000000000000000000000000
0695000000028910000000021000100000000080000000000000000000000000
0695000000028920000000021000100000000080000000000000000000000000
0695000000028930000000021000100000000080000000000000000000000000
0695000000028940000000021000100000000080000000000000000000000000
0695000000028950000000021000100000000080000000000000000000000000
0695000000028960000000021000100000000080000000000000000000000000
0695000000028970000000021000100000000080000000000000000000000000
0695000000028980000000021000100000000080000000000000000000000000
0695000000028990000000021000100000000080000000000000000000000000
0695000000029000000000021000100000000080000000000000000000000000
0695000000029010000000021000100000000080000000000000000000000000
0695000000029020000000021000100000000080000000000000000000000000
0695000000032450000000021000100000000080000000000000000000000000
0695000000032460000000021000100000000080000000000000000000000000
0695000000032470000000021000100000000080000000000000000000000000
0695000000032480000000021000100000000080000000000000000000000000
0695000000032490000000021000100000000080000000000000000000000000
0695000000032500000000021000100000000080000000000000000000000000
0695000000032510000000021000100000000080000000000000000000000000
0695000000032520000000021000100000000080000000000000000000000000
0695000000032530000000021000100000000080000000000000000000000000
0695000000032540000000021000100000000080000000000000000000000000
0695000000032580000000021000100000000080000000000000000000000000
0695000000032590000000021000100000000080000000000000000000000000
0695000000032660000000021000100000000080000000000000000000000000
0695000000032670000000021000100000000080000000000000000000000000
0695000000032680000000021000100000000080000000000000000000000000
0695000000032690000000021000100000000080000000000000000000000000
0695000000032700000000021000100000000080000000000000000000000000
0695000000032710000000021000100000000080000000000000000000000000
0695000000032720000000021000100000000080000000000000000000000000
0695000000032730000000021000100000000080000000000000000000000000
0695000000032740000000021000100000000080000000000000000000000000
0695000000032750000000021000100000000080000000000000000000000000
0695000000032970000000026000100000003000000000000000000000000000
0695000000033210000000027000100000000230000000000000000000000000
0695000000033220000000027000100000000870000000000000000000000000
0695000000033450000000021000100000002110000000000000000000000000
0695000000033460000000021000100000002110000000000000000000000000
0695000000033710000000011000100000000030000000000000000000000000
0695000000033720000000011000100000000030000000000000000000000000
0695000000033730000000011000100000000030000000000000000000000000
0695000000033770000000008000100000000110000000000000000000000000
0695000000033810000000021000100000000080000000000000000000000000
0695000000033820000000021000100000000080000000000000000000000000
0695000000033850000000026000100000003310000000000000000000000000
0695000000033970000000008000100000000110000000000000000000000000
0695000000033980000000008000100000000110000000000000000000000000
0695000000033990000000008000100000000110000000000000000000000000
0695000000034000000000008000100000000110000000000000000000000000
0695000000034010000000008000100000000110000000000000000000000000
0695000000034020000000008000100000000110000000000000000000000000
0695000000034030000000008000100000000110000000000000000000000000
0695000000034200000000008000100000000110000000000000000000000000
0695000000034210000000008000100000000110000000000000000000000000
0695000000034220000000021000100000000080000000000000000000000000
0695000000034230000000021000100000000080000000000000000000000000
0695000000034250000000021000100000000080000000000000000000000000
0695000000034260000000021000100000000080000000000000000000000000
0695000000034450000000021000100000002140000000000000000000000000
0695000000034460000000021000100000002140000000000000000000000000
0695000000034470000000021000100000002110000000000000000000000000
0695000000034480000000021000100000002110000000000000000000000000
0695000000034490000000021000100000002110000000000000000000000000
0695000000034500000000021000100000002110000000000000000000000000
0695000000034510000000021000100000002110000000000000000000000000
0695000000034520000000021000100000002110000000000000000000000000
0695000000034530000000021000100000002110000000000000000000000000
0695000000034540000000021000100000002110000000000000000000000000
0695000000034550000000021000100000002110000000000000000000000000
0695000000034560000000021000100000002110000000000000000000000000
0695000000034570000000021000100000002110000000000000000000000000
0695000000034580000000021000100000002110000000000000000000000000
0695000000034590000000021000100000002110000000000000000000000000
0695000000034600000000021000100000002110000000000000000000000000
0695000000034610000000021000100000002110000000000000000000000000
0695000000034700000000021000100000002110000000000000000000000000
0695000000034710000000021000100000002110000000000000000000000000
0695000000034720000000021000100000002110000000000000000000000000
0695000000034860000000008000100000003350000000000000000000000000
0695000000034950000000021000100000000080000000000000000000000000
0695000000034960000000021000100000000080000000000000000000000000
0695000000034980000000011000100000000040000000000000000000000000
0695000000034990000000011000100000003260000000000000000000000000
0695000000035000000000011000100000000010000000000000000000000000
0695000000035010000000008000100000000110000000000000000000000000
0695000000035170000000021000100000002110000000000000000000000000
0695000000035180000000021000100000002110000000000000000000000000
0695000000035330000000007000100000003370000000000000000000000000
0695000000035500000000027000100000000340000000000000000000000000
0695000000035510000000027000100000000240000000000000000000000000
0695000000035530000000021000100000002110000000000000000000000000
0695000000035540000000021000100000002110000000000000000000000000
0695000000035550000000021000100000002110000000000000000000000000
0695300000037130000000021000100000002110000000000000000000000000
0695300000037140000000021000100000002110000000000000000000000000
0695300000037150000000021000100000002110000000000000000000000000
0695300000037160000000021000100000002110000000000000000000000000
0695300000037170000000021000100000002110000000000000000000000000
0695300000037180000000021000100000002110000000000000000000000000
0695300000037190000000021000100000002110000000000000000000000000
0695300000037200000000021000100000002110000000000000000000000000
0695300000037210000000021000100000002110000000000000000000000000
0695300000037220000000021000100000002110000000000000000000000000
0695300000037230000000021000100000002110000000000000000000000000
0695300000037240000000011000100000003260000000000000000000000000
