09360000264122030000000000000000
09360000264122034000000000000000
09360000426122030000000000000000
09360000426122034000000000000000
09360000477122039000000000000000
09360000477122108000000000000000
09360000655122070000000000000000
09360000698122070000000000000000
09360000787122070000000000000000
09360000795122039000000000000000
09360000795122108000000000000000
09360000914122041000000000000000
09360001074122039000000000000000
09360001074122041000000000000000
09360001074122108000000000000000
09360001139122048000000000000000
09360001155122039000000000000000
09360001155122108000000000000000
09360001201122022000000000000000
09360001252122039000000000000000
09360001252122108000000000000000
09360001317122027000000000000000
09360001805122006000000000000000
09360001805122079000000000000000
09360001848122006000000000000000
09360001848122079000000000000000
09360001856122079000000000000000
09360001988122007000000000000000
09360001996122007000000000000000
09360002011122058000000000000000
09360002011122079000000000000000
09360002038122045000000000000000
09360002178122005000000000000000
09360002178122015000000000000000
09360002291122020000000000000000
09360002445122025000000000000000
09360002569122008000000000000000
09360002593122008000000000000000
09360002895122059000000000000000
09360003093122061000000000000000
09360003107122061000000000000000
09360003115122061000000000000000
09360003123122061000000000000000
09360003131122061000000000000000
09360003174122027000000000000000
09360003182122027000000000000000
09360003190122027000000000000000
09360003204122027000000000000000
09360003816122077000000000000000
09360003891122074000000000000000
09360003913122077000000000000000
09360003980122104000000000000000
09360004030122074000000000000000
09360004073122074000000000000000
09360004154122074000000000000000
09360004170122074000000000000000
09360004235122074000000000000000
09360004243122074000000000000000
09360004278122104000000000000000
09360004294122104000000000000000
09360004634122029000000000000000
09360005193122011000000000000000
09360005207122011000000000000000
09360005312122031000000000000000
09360005363122031000000000000000
09360005428122047000000000000000
09360005487122047000000000000000
09360005762122037000000000000000
09360005770122037000000000000000
09360005789122042000000000000000
09360005932122013000000000000000
09360005932122027000000000000000
09360005983122039000000000000000
09360005983122108000000000000000
09360005991122026000000000000000
09360006149122027000000000000000
09360006157122027000000000000000
09360006297122064000000000000000
09360006300122027000000000000000
09360006424122101000000000000000
09360006459122101000000000000000
09360006726122039000000000000000
09360006726122101000000000000000
09360006726122108000000000000000
09360006734122101000000000000000
09360006742122034000000000000000
09360006939122012000000000000000
09360007129122017000000000000000
09360007218122017000000000000000
09360007293122017000000000000000
09360007358122017000000000000000
09360007706122068000000000000000
09360007749122064000000000000000
09360007757122064000000000000000
09360008214122027000000000000000
09360008249122051000000000000000
09360008303122048000000000000000
09360008311122048000000000000000
09360008338122048000000000000000
09360008346122048000000000000000
09360008354122048000000000000000
09360008362122048000000000000000
09360008370122048000000000000000
09360008397122048000000000000000
09360008400122048000000000000000
09360008435122009000000000000000
09360008451122048000000000000000
09360008494122045000000000000000
09360009687122027000000000000000
09360010316122059000000000000000
09360011231122095000000000000000
09360011282122046000000000000000
09360011339122034000000000000000
09360011770122006000000000000000
09360011789122006000000000000000
09360011797122006000000000000000
09360011800122006000000000000000
09360011827122006000000000000000
09360011835122006000000000000000
09360011851122006000000000000000
09360011878122006000000000000000
09360011924122006000000000000000
09360011932122006000000000000000
09360011959122006000000000000000
09360011975122006000000000000000
09360011991122006000000000000000
09360012017122007000000000000000
09360012025122007000000000000000
09360012270122051000000000000000
09360012300122051000000000000000
09360012319122051000000000000000
09360012327122051000000000000000
09360012335122051000000000000000
09360012351122051000000000000000
09360013927122006000000000000000
09360014001122020000000000000000
09360014079122020000000000000000
09360014095122020000000000000000
09360014125122020000000000000000
09360014133122020000000000000000
09360014168122020000000000000000
09360014206122020000000000000000
09360014532122007000000000000000
09360014540122007000000000000000
09360014567122007000000000000000
09360014575122007000000000000000
09360014583122007000000000000000
09360014591122007000000000000000
09360015016122027000000000000000
09360015261122060000000000000000
09360015296122021000000000000000
09360015520122033000000000000000
09360015539122033000000000000000
09360015652122010000000000000000
09360016756122027000000000000000
09360016934122081000000000000000
09360017019122030000000000000000
09360017019122034000000000000000
09360017175122070000000000000000
09360018279122074000000000000000
09360018295122023000000000000000
09360018325122039000000000000000
09360018325122041000000000000000
09360018325122108000000000000000
09360018341122027000000000000000
09360018813122027000000000000000
09360018937122056000000000000000
09360019313122046000000000000000
09360019607122034000000000000000
09360020044122035000000000000000
09360020079122041000000000000000
09360020214122009000000000000000
09360020435122077000000000000000
09360020567122029000000000000000
09360020664122017000000000000000
09360020753122035000000000000000
09360020753122057000000000000000
09360020788122033000000000000000
09360020796122020000000000000000
09360020907122006000000000000000
09360021032122020000000000000000
09360021040122004000000000000000
09360021369122007000000000000000
09360021741122046000000000000000
09360022306122005000000000000000
09360022454122007000000000000000
09360022500122007000000000000000
09360022535122026000000000000000
09360022608122020000000000000000
09360022764122039000000000000000
09360022764122108000000000000000
09360022772122012000000000000000
09360023132122005000000000000000
09360023167122035000000000000000
09360023167122057000000000000000
09360023507122071000000000000000
09360023663122004000000000000000
09360024368122064000000000000000
09360024406122027000000000000000
09360024716122013000000000000000
09360024740122030000000000000000
09360026964122048000000000000000
09360026999122017000000000000000
09360027006122017000000000000000
09360027138122037000000000000000
09360027235122008000000000000000
09360027367122092000000000000000
09360027413122011000000000000000
09360027421122011000000000000000
09360027448122030000000000000000
09360027448122034000000000000000
09360027480122012000000000000000
09360027502122070000000000000000
09360027650122039000000000000000
09360027650122108000000000000000
09360027898122011000000000000000
09360028002122035000000000000000
09360028037122004000000000000000
09360028045122001000000000000000
09360028061122013000000000000000
09360028088122008000000000000000
09360028215122025000000000000000
09360028371122101000000000000000
09360028460122012000000000000000
09360028487122026000000000000000
09360028517122020000000000000000
09360029076122008000000000000000
09360029084122039000000000000000
09360029084122108000000000000000
09360029114122007000000000000000
09360029122122021000000000000000
09360029165122007000000000000000
09360029238122007000000000000000
09360029319122070000000000000000
09360029386122092000000000000000
09360030090122007000000000000000
09360030120122026000000000000000
09360030473122010000000000000000
09360030589122092000000000000000
09360030597122092000000000000000
09360030759122005000000000000000
09360030821122004000000000000000
09360030848122039000000000000000
09360030848122108000000000000000
09360030880122024000000000000000
09360031070122012000000000000000
09360031100122039000000000000000
09360031100122108000000000000000
09360031119122003000000000000000
09360031267122074000000000000000
09360031305122095000000000000000
09360031615122022000000000000000
09360032646122027000000000000000
09360032824122005000000000000000
09360032913122017000000000000000
09360033057122033000000000000000
09360033219122010000000000000000
09360033456122007000000000000000
09360034134122064000000000000000
09360034142122104000000000000000
09360034371122001000000000000000
09360034606122086000000000000000
09360034622122040000000000000000
09360035009122047000000000000000
09360035548122005000000000000000
09360035556122008000000000000000
09360035564122026000000000000000
09360036196122060000000000000000
09360036404122020000000000000000
09360036447122008000000000000000
09360036587122017000000000000000
09360036595122004000000000000000
09360036714122027000000000000000
09360036722122079000000000000000
09360036773122005000000000000000
09360036773122019000000000000000
09360036897122029000000000000000
09360036978122005000000000000000
09360037001122035000000000000000
09360037036122035000000000000000
09360037117122077000000000000000
09360037265122039000000000000000
09360037265122108000000000000000
09360037281122035000000000000000
09360037559122005000000000000000
09360037591122013000000000000000
09360037621122029000000000000000
09360037702122027000000000000000
09360037923122005000000000000000
09360038032122035000000000000000
09360038083122011000000000000000
09360038091122011000000000000000
09360038164122011000000000000000
09360038180122092000000000000000
09360038245122011000000000000000
09360038377122005000000000000000
09360038458122005000000000000000
09360038504122047000000000000000
09360038539122013000000000000000
09360038717122005000000000000000
09360038784122028000000000000000
09360038806122077000000000000000
09360038814122077000000000000000
09360038822122071000000000000000
09360038849122079000000000000000
09360038873122007000000000000000
09360038911122035000000000000000
09360038938122070000000000000000
09360038962122037000000000000000
09360039136122005000000000000000
09360039187122005000000000000000
09360039330122005000000000000000
09360039446122005000000000000000
09360039470122070000000000000000
09360039489122070000000000000000
09360039497122027000000000000000
09360039640122039000000000000000
09360039640122108000000000000000
09360039659122035000000000000000
09360039691122005000000000000000
09360039713122005000000000000000
09360039748122077000000000000000
09360039756122024000000000000000
09360039837122018000000000000000
09360039918122005000000000000000
09360040029122079000000000000000
09360040045122079000000000000000
09360040118122026000000000000000
09360040126122027000000000000000
09360040355122018000000000000000
09360040363122018000000000000000
09360040568122019000000000000000
09360040681122035000000000000000
09360040738122005000000000000000
09360040827122070000000000000000
09360040991122035000000000000000
09360041009122020000000000000000
09360041033122077000000000000000
09360041041122015000000000000000
09360041114122007000000000000000
09360041122122004000000000000000
09360041319122027000000000000000
09360041335122004000000000000000
09360041645122024000000000000000
09360041793122070000000000000000
09360041858122013000000000000000
09360041882122005000000000000000
09360041955122079000000000000000
09360042242122026000000000000000
09360042285122027000000000000000
09360042358122017000000000000000
09360042366122017000000000000000
09360042374122017000000000000000
09360042390122017000000000000000
09360042439122046000000000000000
09360042463122017000000000000000
09360042501122017000000000000000
09360042528122017000000000000000
09360042536122017000000000000000
09360042552122017000000000000000
09360042560122017000000000000000
09360042595122004000000000000000
09360042617122106000000000000000
09360042684122013000000000000000
09360042854122008000000000000000
09360043036122028000000000000000
09360043079122054000000000000000
09360043257122079000000000000000
09360043311122005000000000000000
09360043354122005000000000000000
09360043958122013000000000000000
09360044091122029000000000000000
09360044105122005000000000000000
09360044105122019000000000000000
09360044113122068000000000000000
09360044180122070000000000000000
09360044334122018000000000000000
09360044407122018000000000000000
09360044415122035000000000000000
09360044458122008000000000000000
09360044466122017000000000000000
09360044482122035000000000000000
09360044539122047000000000000000
09360044598122070000000000000000
09360044938122056000000000000000
09360045012122004000000000000000
09360045047122070000000000000000
09360045268122079000000000000000
09360045284122039000000000000000
09360045284122041000000000000000
09360045284122108000000000000000
09360045586122020000000000000000
09360045594122008000000000000000
09360045608122030000000000000000
09360045624122070000000000000000
09360045705122047000000000000000
09360045918122004000000000000000
09360046078122020000000000000000
09360046582122070000000000000000
09360046647122007000000000000000
09360046671122035000000000000000
09360046795122035000000000000000
09360046809122005000000000000000
09360046868122037000000000000000
09360047074122082000000000000000
09360047112122029000000000000000
09360047120122013000000000000000
09360047333122020000000000000000
09360047368122008000000000000000
09360047384122020000000000000000
09360047767122042000000000000000
09360048208122008000000000000000
09360048240122070000000000000000
09360048593122030000000000000000
09360048712122047000000000000000
09360048836122020000000000000000
09360048887122020000000000000000
09360048895122020000000000000000
09360048917122035000000000000000
09360048941122008000000000000000
09360049069122004000000000000000
09360049328122020000000000000000
09360049344122020000000000000000
09360049409122005000000000000000
09360049409122019000000000000000
09360049417122005000000000000000
09360049573122096000000000000000
09360050075122008000000000000000
09360050849122011000000000000000
09360053511122048000000000000000
09360054011122044000000000000000
09360054313122027000000000000000
09360054321122007000000000000000
09360055018122027000000000000000
09360055948122080000000000000000
09360056200122007000000000000000
09360056472122021000000000000000
09360056499122062000000000000000
09360056553122039000000000000000
09360056553122108000000000000000
09360056634122007000000000000000
09360056790122025000000000000000
09360056863122022000000000000000
09360057096122007000000000000000
09360057215122011000000000000000
09360057614122070000000000000000
09360057746122026000000000000000
09360057797122010000000000000000
09360058068122023000000000000000
09360058289122099000000000000000
09360058297122099000000000000000
09360058300122099000000000000000
09360058343122071000000000000000
09360058440122012000000000000000
09360058459122010000000000000000
09360058467122012000000000000000
09360058513122027000000000000000
09360058696122001000000000000000
09360058734122010000000000000000
09360058777122012000000000000000
09360058866122044000000000000000
09360058874122017000000000000000
09360058904122049000000000000000
09360058912122039000000000000000
09360058912122108000000000000000
09360059722122012000000000000000
09360060062122023000000000000000
09360060119122082000000000000000
09360060666122008000000000000000
09360060798122025000000000000000
09360061166122029000000000000000
09360061867122082000000000000000
09360062081122010000000000000000
09360062138122044000000000000000
09360062219122031000000000000000
09360062278122014000000000000000
09360062286122049000000000000000
09360062316122005000000000000000
09360062332122049000000000000000
09360062340122014000000000000000
09360062456122092000000000000000
09360062634122005000000000000000
09360062677122023000000000000000
09360062693122008000000000000000
09360062812122003000000000000000
09360062979122008000000000000000
09360063002122098000000000000000
09360063053122023000000000000000
09360063428122001000000000000000
09360063541122005000000000000000
09360063711122008000000000000000
09360063746122008000000000000000
09360063975122095000000000000000
09360064130122017000000000000000
09360064181122001000000000000000
09360064246122058000000000000000
09360064246122079000000000000000
09360064262122010000000000000000
09360064289122079000000000000000
09360064327122014000000000000000
09360064343122017000000000000000
09360064408122087000000000000000
09360064432122025000000000000000
09360064483122096000000000000000
09360064599122039000000000000000
09360064599122108000000000000000
09360065021122092000000000000000
09360065064122001000000000000000
09360065358122026000000000000000
09360065404122001000000000000000
09360065463122066000000000000000
09360065609122023000000000000000
09360065633122010000000000000000
09360065765122031000000000000000
09360065773122077000000000000000
09360065803122082000000000000000
09360065846122087000000000000000
09360065862122039000000000000000
09360065870122008000000000000000
09360065943122039000000000000000
09360065943122108000000000000000
09360065951122008000000000000000
09360066443122001000000000000000
09360066478122001000000000000000
09360066486122001000000000000000
09360066508122001000000000000000
09360066516122098000000000000000
09360066621122001000000000000000
09360066710122087000000000000000
09360066737122008000000000000000
09360066885122092000000000000000
09360066893122077000000000000000
09360066982122044000000000000000
09360067245122103000000000000000
09360067253122103000000000000000
09360067261122005000000000000000
09360067334122021000000000000000
09360067342122042000000000000000
09360067350122012000000000000000
09360067385122001000000000000000
09360067482122044000000000000000
09360067679122005000000000000000
09360067776122031000000000000000
09360068195122023000000000000000
09360068268122026000000000000000
09360068322122009000000000000000
09360068373122085000000000000000
09360068438122011000000000000000
09360068462122040000000000000000
09360068470122001000000000000000
09360068950122092000000000000000
09360068993122070000000000000000
09360069078122014000000000000000
09360069353122079000000000000000
09360069469122056000000000000000
09360069523122017000000000000000
09360069531122098000000000000000
09360069582122092000000000000000
09360069604122098000000000000000
09360069825122023000000000000000
09360069841122003000000000000000
09360069868122003000000000000000
09360070211122071000000000000000
09360070912122027000000000000000
09360070920122027000000000000000
09360070939122027000000000000000
09360070971122027000000000000000
09360070998122027000000000000000
09360071005122064000000000000000
09360071080122005000000000000000
09360071129122062000000000000000
09360071242122092000000000000000
09360071420122084000000000000000
09360071447122029000000000000000
09360071501122017000000000000000
09360071560122003000000000000000
09360071587122071000000000000000
09360071625122100000000000000000
09360071633122100000000000000000
09360071641122100000000000000000
09360071706122053000000000000000
09360071722122040000000000000000
09360071757122001000000000000000
09360071862122027000000000000000
09360071900122045000000000000000
09360072036122026000000000000000
09360072141122027000000000000000
09360072184122025000000000000000
09360072419122056000000000000000
09360072575122054000000000000000
09360072672122051000000000000000
09360072737122008000000000000000
09360072850122017000000000000000
09360072931122039000000000000000
09360072931122108000000000000000
09360073458122070000000000000000
09360073539122053000000000000000
09360073830122012000000000000000
09360074004122005000000000000000
09360074020122014000000000000000
09360074071122010000000000000000
09360074128122053000000000000000
09360074195122012000000000000000
09360074357122071000000000000000
09360074675122060000000000000000
09360074756122010000000000000000
09360074802122005000000000000000
09360074926122014000000000000000
09360074993122012000000000000000
09360075035122088000000000000000
09360075132122066000000000000000
09360075272122053000000000000000
09360075698122039000000000000000
09360075698122108000000000000000
09360075760122084000000000000000
09360075809122053000000000000000
09360075841122053000000000000000
09360076635122066000000000000000
09360076775122029000000000000000
09360076813122039000000000000000
09360076813122108000000000000000
09360076899122001000000000000000
09360077291122040000000000000000
09360077321122045000000000000000
09360077321122079000000000000000
09360077488122039000000000000000
09360077488122065000000000000000
09363077577122042000000000000000
09360077658122098000000000000000
09360077682122005000000000000000
09360077747122012000000000000000
09360077895122071000000000000000
09360078646122106000000000000000
09360078816122063000000000000000
09360078875122045000000000000000
09360078913122001000000000000000
09360079553122010000000000000000
09360079618122064000000000000000
09360079685122093000000000000000
09360079707122063000000000000000
09360080349122003000000000000000
09360080365122040000000000000000
09360080411122098000000000000000
09360080543122099000000000000000
09360080551122099000000000000000
09360080578122099000000000000000
09360080780122005000000000000000
09360080829122039000000000000000
09360080829122065000000000000000
09360080896122066000000000000000
09360080934122012000000000000000
09360081078122071000000000000000
09360081167122049000000000000000
09360081485122103000000000000000
09360081612122023000000000000000
09360081809122014000000000000000
09360081833122005000000000000000
09360081914122005000000000000000
09360082228122062000000000000000
09360082384122095000000000000000
09360082392122095000000000000000
09360082481122039000000000000000
09360082481122065000000000000000
09360082600122012000000000000000
09360083097122053000000000000000
09360083526122005000000000000000
09360083550122087000000000000000
09360083623122095000000000000000
09360083933122044000000000000000
09360084689122098000000000000000
09360085340122049000000000000000
09360085464122047000000000000000
09360086290122049000000000000000
09360086622122073000000000000000
09360086673122080000000000000000
09360086789122103000000000000000
09360086819122098000000000000000
09360086932122085000000000000000
09360087033122073000000000000000
09360087297122103000000000000000
09360087300122039000000000000000
09360087300122108000000000000000
09360087645122062000000000000000
09360088153122088000000000000000
09360088579122084000000000000000
09360088668122073000000000000000
09360088943122064000000000000000
09360089907122079000000000000000
09360090085122021000000000000000
09360090093122005000000000000000
09360090131122039000000000000000
09360090131122108000000000000000
09360090549122100000000000000000
09360090751122073000000000000000
09360090778122013000000000000000
09360090824122053000000000000000
09360090859122084000000000000000
09360090980122044000000000000000
09360091022122070000000000000000
09360091286122079000000000000000
09360091448122092000000000000000
09360091812122107000000000000000
09360091960122042000000000000000
09360092037122061000000000000000
09360092231122080000000000000000
09360092525122093000000000000000
09360092568122107000000000000000
09360093211122107000000000000000
09360093289122100000000000000000
09360094358122010000000000000000
09360094668122092000000000000000
09360095648122049000000000000000
09360097691122107000000000000000
09360098809122039000000000000000
09360098809122108000000000000000
09360099198122095000000000000000
09360100145122099000000000000000
09360100234122007000000000000000
09360100412122047000000000000000
09360101052122093000000000000000
