0912000000800000001                    00000008                    00000000000000000000000000000
0912000000800000001                    00000053                    00000000000000000000000000000
0912000000800000001                    00000063                    00000000000000000000000000000
0912000000800000001                    00000070                    00000000000000000000000000000
0912000000800000001                    00000075                    00000000000000000000000000000
0912000000800000001                    00000110                    00000000000000000000000000000
0912000000800000001                    00000130                    00000000000000000000000000000
0912000000800000001                    00000149                    00000000000000000000000000000
0912000000800000001                    00000158                    00000000000000000000000000000
0912000000800000001                    00000167                    00000000000000000000000000000
0912000000800000002                    00000006                    00000000000000000000000000000
0912000000800000002                    00000062                    00000000000000000000000000000
0912000000800000003                    00000007                    00000000000000000000000000000
0912000000800000003                    00000113                    00000000000000000000000000000
0912000000800000003                    00000128                    00000000000000000000000000000
0912000000800000003                    00000168                    00000000000000000000000000000
0912000000800000003                    00000170                    00000000000000000000000000000
0912000000800000004                    00000009                    00000000000000000000000000000
0912000000800000004                    00000013                    00000000000000000000000000000
0912000000800000004                    00000054                    00000000000000000000000000000
0912000000800000004                    00000121                    00000000000000000000000000000
0912000000800000005                    00000034                    00000000000000000000000000000
0912000000800000006                    00000002                    00000000000000000000000000000
0912000000800000006                    00000005                    00000000000000000000000000000
0912000000800000006                    00000010                    00000000000000000000000000000
0912000000800000006                    00000011                    00000000000000000000000000000
0912000000800000006                    00000014                    00000000000000000000000000000
0912000000800000006                    00000018                    00000000000000000000000000000
0912000000800000006                    00000021                    00000000000000000000000000000
0912000000800000006                    00000024                    00000000000000000000000000000
0912000000800000006                    00000030                    00000000000000000000000000000
0912000000800000006                    00000041                    00000000000000000000000000000
0912000000800000006                    00000043                    00000000000000000000000000000
0912000000800000006                    00000050                    00000000000000000000000000000
0912000000800000006                    00000052                    00000000000000000000000000000
0912000000800000006                    00000059                    00000000000000000000000000000
0912000000800000006                    00000060                    00000000000000000000000000000
0912000000800000006                    00000061                    00000000000000000000000000000
0912000000800000006                    00000064                    00000000000000000000000000000
0912000000800000006                    00000072                    00000000000000000000000000000
0912000000800000006                    00000073                    00000000000000000000000000000
0912000000800000006                    00000076                    00000000000000000000000000000
0912000000800000006                    00000077                    00000000000000000000000000000
0912000000800000006                    00000078                    00000000000000000000000000000
0912000000800000006                    00000094                    00000000000000000000000000000
0912000000800000006                    00000100                    00000000000000000000000000000
0912000000800000006                    00000111                    00000000000000000000000000000
0912000000800000006                    00000116                    00000000000000000000000000000
0912000000800000006                    00000124                    00000000000000000000000000000
0912000000800000006                    00000131                    00000000000000000000000000000
0912000000800000006                    00000135                    00000000000000000000000000000
0912000000800000006                    00000136                    00000000000000000000000000000
0912000000800000006                    00000137                    00000000000000000000000000000
0912000000800000006                    00000138                    00000000000000000000000000000
0912000000800000006                    00000141                    00000000000000000000000000000
0912000000800000006                    00000142                    00000000000000000000000000000
0912000000800000006                    00000144                    00000000000000000000000000000
0912000000800000006                    00000153                    00000000000000000000000000000
0912000000800000006                    00000154                    00000000000000000000000000000
0912000000800000006                    00000155                    00000000000000000000000000000
0912000000800000006                    00000160                    00000000000000000000000000000
0912000000800000006                    00000161                    00000000000000000000000000000
0912000000800000006                    00000162                    00000000000000000000000000000
0912000000800000006                    00000163                    00000000000000000000000000000
0912000000800000006                    00000164                    00000000000000000000000000000
0912000000800000006                    00000165                    00000000000000000000000000000
0912000000800000006                    00000166                    00000000000000000000000000000
0912300000800000006                    00000172                    00000000000000000000000000000
0912000000800000007                    00000012                    00000000000000000000000000000
0912000000800000008                    00000058                    00000000000000000000000000000
0912000000800000009                    00000038                    00000000000000000000000000000
0912000000800000010                    00000000                    00000000000000000000000000000
0912000000800000010                    00000097                    00000000000000000000000000000
0912000000800000011                    00000001                    00000000000000000000000000000
0912000000800000012                    00000055                    00000000000000000000000000000
0912000000800000012                    00000074                    00000000000000000000000000000
0912000000800000012                    00000109                    00000000000000000000000000000
0912000000800000013                    00000115                    00000000000000000000000000000
0912000000800000013                    00000129                    00000000000000000000000000000
0912000000800000013                    00000151                    00000000000000000000000000000
0912000000800000014                    00000150                    00000000000000000000000000000
0912000000800000015                    00000146                    00000000000000000000000000000
0912000000800000016                    00000107                    00000000000000000000000000000
0912000000800000017                    00000112                    00000000000000000000000000000
0912000000800000018                    00000133                    00000000000000000000000000000
0912000000800000018                    00000159                    00000000000000000000000000000
0912000000800000019                    00000157                    00000000000000000000000000000
0912000000800000020                    00000079                    00000000000000000000000000000
0912000000800000020                    00000169                    00000000000000000000000000000
0912000000800000021                    00000152                    00000000000000000000000000000
0912000000800000022                    00000147                    00000000000000000000000000000
0912000000800000022                    00000156                    00000000000000000000000000000
0912000000800000023                    00000171                    00000000000000000000000000000
0912000000900000000                    00000010                    00000000000000000000000000000
0912000000900000001                    00000004                    00000000000000000000000000000
0912000000900000001                    00000015                    00000000000000000000000000000
0912000000900000001                    00000016                    00000000000000000000000000000
0912000000900000001                    00000017                    00000000000000000000000000000
0912000000900000001                    00000020                    00000000000000000000000000000
0912000000900000001                    00000022                    00000000000000000000000000000
0912000000900000002                    00000006                    00000000000000000000000000000
0912000000900000002                    00000015                    00000000000000000000000000000
0912000000900000002                    00000018                    00000000000000000000000000000
0912000000900000002                    00000021                    00000000000000000000000000000
0912000000900000002                    00000022                    00000000000000000000000000000
0912000000900000003                    00000007                    00000000000000000000000000000
0912000000900000003                    00000016                    00000000000000000000000000000
0912000000900000003                    00000021                    00000000000000000000000000000
0912000000900000004                    00000002                    00000000000000000000000000000
0912000000900000004                    00000010                    00000000000000000000000000000
0912000000900000004                    00000015                    00000000000000000000000000000
0912000000900000004                    00000017                    00000000000000000000000000000
0912000000900000005                    00000002                    00000000000000000000000000000
0912000000900000005                    00000010                    00000000000000000000000000000
0912000000900000005                    00000015                    00000000000000000000000000000
0912000000900000005                    00000017                    00000000000000000000000000000
0912000000900000006                    00000010                    00000000000000000000000000000
0912000000900000006                    00000015                    00000000000000000000000000000
0912000000900000007                    00000010                    00000000000000000000000000000
0912000000900000008                    00000002                    00000000000000000000000000000
0912000000900000008                    00000010                    00000000000000000000000000000
0912000000900000008                    00000015                    00000000000000000000000000000
0912000000900000008                    00000017                    00000000000000000000000000000
0912000000900000009                    00000002                    00000000000000000000000000000
0912000000900000009                    00000010                    00000000000000000000000000000
0912000000900000009                    00000015                    00000000000000000000000000000
0912000000900000009                    00000017                    00000000000000000000000000000
0912000000900000010                    00000008                    00000000000000000000000000000
0912000000900000011                    00000010                    00000000000000000000000000000
0912000000900000012                    00000009                    00000000000000000000000000000
0912000000900000013                    00000010                    00000000000000000000000000000
0912000000900000014                    00000011                    00000000000000000000000000000
0912000000900000015                    00000010                    00000000000000000000000000000
0912000000900000016                    00000010                    00000000000000000000000000000
0912000000900000017                    00000010                    00000000000000000000000000000
0912000000900000018                    00000010                    00000000000000000000000000000
0912000000900000018                    00000018                    00000000000000000000000000000
0912000000900000019                    00000010                    00000000000000000000000000000
0912000000900000020                    00000010                    00000000000000000000000000000
0912000000900000021                    00000010                    00000000000000000000000000000
0912000000900000022                    00000010                    00000000000000000000000000000
0912000000900000023                    00000010                    00000000000000000000000000000
0912000000900000024                    00000010                    00000000000000000000000000000
0912000000900000025                    00000010                    00000000000000000000000000000
0912000000900000026                    00000010                    00000000000000000000000000000
0912000000900000027                    00000010                    00000000000000000000000000000
0912000000900000028                    00000010                    00000000000000000000000000000
0912000003400000011                    00000035                    00000000000000000000000000000
0912000003400000011                    00000062                    00000000000000000000000000000
0912000003400000011                    00000086                    00000000000000000000000000000
0912000003400000011                    00000092                    00000000000000000000000000000
0912000003400000035                    00000062                    00000000000000000000000000000
0912000003400000062                    00000086                    00000000000000000000000000000
0912000003400000069                    00000090                    00000000000000000000000000000
0912000003400000092                    00000062                    00000000000000000000000000000
0912000003400000092                    00000086                    00000000000000000000000000000
0912000003500000018                    00000647                    00000000000000000000000000000
0912000003500000018                    00006297                    00000000000000000000000000000
0912000003500000018                    00010308                    00000000000000000000000000000
0912000003500000018                    00010316                    00000000000000000000000000000
0912000003500000018                    00010324                    00000000000000000000000000000
0912000003500000018                    00010332                    00000000000000000000000000000
0912300003500000018                    00019232                    00000000000000000000000000000
0912000003500000038                    00007803                    00000000000000000000000000000
0912000003500000038                    00007811                    00000000000000000000000000000
0912000003500000042                    00007242                    00000000000000000000000000000
0912000003500000067                    00005231                    00000000000000000000000000000
0912000003500000067                    00005258                    00000000000000000000000000000
0912000003500000067                    00005266                    00000000000000000000000000000
0912000003500000067                    00005274                    00000000000000000000000000000
0912000003500000067                    00012351                    00000000000000000000000000000
0912000003500000070                    00000655                    00000000000000000000000000000
0912000003500000070                    00006009                    00000000000000000000000000000
0912000003500000070                    00012688                    00000000000000000000000000000
0912000003500000070                    00012696                    00000000000000000000000000000
0912000003500000070                    00012718                    00000000000000000000000000000
0912000003500000072                    00000701                    00000000000000000000000000000
0912000003500000072                    00012726                    00000000000000000000000000000
0912000003500000072                    00019151                    00000000000000000000000000000
0912000003500000072                    00019178                    00000000000000000000000000000
0912000003500000078                    00002380                    00000000000000000000000000000
0912000003500000078                    00002410                    00000000000000000000000000000
0912000003500000098                    00009687                    00000000000000000000000000000
0912000003500000136                    00007382                    00000000000000000000000000000
0912000003500000136                    00007404                    00000000000000000000000000000
0912000003500000137                    00002666                    00000000000000000000000000000
0912000003500000137                    00010057                    00000000000000000000000000000
0912000003500000137                    00010065                    00000000000000000000000000000
0912000003500000137                    00010073                    00000000000000000000000000000
0912000003500000137                    00010081                    00000000000000000000000000000
0912000003500000158                    00000108                    00000000000000000000000000000
0912000003500000158                    00003956                    00000000000000000000000000000
0912000003500000158                    00003964                    00000000000000000000000000000
0912000003500000162                    00007218                    00000000000000000000000000000
0912000003500000162                    00007226                    00000000000000000000000000000
0912000003500000178                    00000078                    00000000000000000000000000000
0912000003500000178                    00018899                    00000000000000000000000000000
0912000003500000183                    00000728                    00000000000000000000000000000
0912000003500000183                    00009539                    00000000000000000000000000000
0912000003500000190                    00009601                    00000000000000000000000000000
0912000003500000190                    00009628                    00000000000000000000000000000
0912000003500000190                    00009636                    00000000000000000000000000000
0912000003500000190                    00010413                    00000000000000000000000000000
0912000003500000209                    00009725                    00000000000000000000000000000
0912000003500000209                    00018546                    00000000000000000000000000000
0912000003500000213                    00015466                    00000000000000000000000000000
0912000003500000214                    00003891                    00000000000000000000000000000
0912000003500000214                    00003913                    00000000000000000000000000000
0912000003500000214                    00003921                    00000000000000000000000000000
0912000003500000214                    00018880                    00000000000000000000000000000
0912000003500000215                    00007447                    00000000000000000000000000000
0912000003500000215                    00014206                    00000000000000000000000000000
0912000003500000216                    00006513                    00000000000000000000000000000
0912000003500000216                    00006521                    00000000000000000000000000000
0912000003500000218                    00000663                    00000000000000000000000000000
0912000003500000218                    00018414                    00000000000000000000000000000
0912000003500000220                    00001066                    00000000000000000000000000000
0912000003500000220                    00004804                    00000000000000000000000000000
0912000003500000221                    00000663                    00000000000000000000000000000
0912000003500000221                    00005940                    00000000000000000000000000000
0912000003500000221                    00006076                    00000000000000000000000000000
0912000003500000222                    00004197                    00000000000000000000000000000
0912000003500000222                    00004200                    00000000000000000000000000000
0912000003500000222                    00004219                    00000000000000000000000000000
0912000003500000223                    00006386                    00000000000000000000000000000
0912000003500000223                    00006416                    00000000000000000000000000000
0912000003500000223                    00006440                    00000000000000000000000000000
0912000003500000224                    00011088                    00000000000000000000000000000
0912000003500000224                    00011096                    00000000000000000000000000000
0912000003500000225                    00011215                    00000000000000000000000000000
0912000003500000225                    00011231                    00000000000000000000000000000
0912000003500000227                    00009695                    00000000000000000000000000000
0912000003500000227                    00018538                    00000000000000000000000000000
0912000003500000228                    00011037                    00000000000000000000000000000
0912000003500000228                    00011045                    00000000000000000000000000000
0912000003500000228                    00011533                    00000000000000000000000000000
0912000003500000228                    00011576                    00000000000000000000000000000
0912000003500000229                    00006459                    00000000000000000000000000000
0912000003500000229                    00006467                    00000000000000000000000000000
0912000003500000229                    00006483                    00000000000000000000000000000
0912000003500000230                    00006459                    00000000000000000000000000000
0912000003500000230                    00006475                    00000000000000000000000000000
0912000003500000231                    00007692                    00000000000000000000000000000
0912000003500000231                    00014567                    00000000000000000000000000000
0912000003500000232                    00002380                    00000000000000000000000000000
0912000003500000232                    00002402                    00000000000000000000000000000
0912000003500000233                    00005320                    00000000000000000000000000000
0912000003500000233                    00005398                    00000000000000000000000000000
0912000003500000234                    00003891                    00000000000000000000000000000
0912000003500000234                    00018406                    00000000000000000000000000000
0912000003500000235                    00002585                    00000000000000000000000000000
0912000003500000235                    00002593                    00000000000000000000000000000
0912000003500000235                    00002607                    00000000000000000000000000000
0912000003500000236                    00005614                    00000000000000000000000000000
0912000003500000237                    00000663                    00000000000000000000000000000
0912000003500000237                    00006203                    00000000000000000000000000000
0912000003500000238                    00006416                    00000000000000000000000000000
0912000003500000238                    00006424                    00000000000000000000000000000
0912000003500000238                    00006432                    00000000000000000000000000000
0912000003500000239                    00001317                    00000000000000000000000000000
0912000003500000239                    00008125                    00000000000000000000000000000
0912000003500000240                    00003204                    00000000000000000000000000000
0912000003500000241                    00012246                    00000000000000000000000000000
0912000003500001300                    00018368                    00000000000000000000000000000
0912000003500001310                    00018368                    00000000000000000000000000000
0912000003500001320                    00016063                    00000000000000000000000000000
0912000003500001320                    00016071                    00000000000000000000000000000
0912000003500001330                    00010448                    00000000000000000000000000000
0912000003500001330                    00010456                    00000000000000000000000000000
0912000003500001330                    00010464                    00000000000000000000000000000
0912000003500001330                    00016179                    00000000000000000000000000000
0912000003500001330                    00016195                    00000000000000000000000000000
0912000003500001330                    00016209                    00000000000000000000000000000
0912000003500001330                    00016217                    00000000000000000000000000000
0912000003500001330                    00016225                    00000000000000000000000000000
0912000003500001330                    00018244                    00000000000000000000000000000
0912000003500001333                    00007382                    00000000000000000000000000000
0912000003500001333                    00007633                    00000000000000000000000000000
0912000003500001347                    00008265                    00000000000000000000000000000
0912000003500001347                    00008281                    00000000000000000000000000000
0912000003500001348                    00008230                    00000000000000000000000000000
0912000003500001349                    00009849                    00000000000000000000000000000
0912000003500001349                    00009865                    00000000000000000000000000000
0912000003500001349                    00011592                    00000000000000000000000000000
0912000003500001352                    00004278                    00000000000000000000000000000
0912000003500001352                    00018813                    00000000000000000000000000000
0912000003500001353                    00009725                    00000000000000000000000000000
0912000003500001354                    00001694                    00000000000000000000000000000
0912000003500001354                    00001708                    00000000000000000000000000000
0912000003500001356                    00009482                    00000000000000000000000000000
0912000003500001379                    00015466                    00000000000000000000000000000
0912000003500001380                    00002658                    00000000000000000000000000000
0912000003500001389                    00006149                    00000000000000000000000000000
